 25000      0      0      0
     0 250000      0      0
     0      0  25000      0
     0      0      0 250000
 200    0    0    0
   0    1    0    0
   0    0 1000    0
   0    0    0    5
 1.03
 8.12
1.187
 8.12
 1.03
 8.12
1.187
 8.12
 1.03
 8.12
1.187
 8.12
 1.03
 8.12
1.187
 8.12
 1.03
 8.12
1.187
 8.12
 1.03
 8.12
1.187
 8.12
 1.03
 8.12
1.187
 8.12
 1.03
 8.12
1.187
 8.12
 1.03
 8.12
1.187
 8.12
 1.03
 8.12
1.187
 8.12
 1.03
 8.12
1.187
 8.12
 1.03
 8.12
1.187
 8.12
 1.03
 8.12
1.187
 8.12
 1.03
 8.12
1.187
 8.12
 1.03
 8.12
1.187
 8.12
 1.03
 8.12
1.187
 8.12
 1.03
 8.12
1.187
 8.12
 1.03
 8.12
1.187
 8.12
 1.03
 8.12
1.187
 8.12
 1.03
 8.12
1.187
 8.12
 1.03
 8.12
1.187
 8.12
 1.03
 8.12
1.187
 8.12
 1.03
 8.12
1.187
 8.12
 1.03
 8.12
1.187
 8.12
 1.03
 8.12
1.187
 8.12
 1.03
 8.12
1.187
 8.12
 1.03
 8.12
1.187
 8.12
 1.03
 8.12
1.187
 8.12
 1.03
 8.12
1.187
 8.12
 1.03
 8.12
1.187
 8.12
 1.03
 8.12
1.187
 8.12
 1.03
 8.12
1.187
 8.12
 1.03
 8.12
1.187
 8.12
 1.03
 8.12
1.187
 8.12
 1.03
 8.12
1.187
 8.12
 1.03
 8.12
1.187
 8.12
 1.03
 8.12
1.187
 8.12
 1.03
 8.12
1.187
 8.12
 1.03
 8.12
1.187
 8.12
 1.03
 8.12
1.187
 8.12
 1.03
 8.12
1.187
 8.12
 1.03
 8.12
1.187
 8.12
 1.03
 8.12
1.187
 8.12
 1.03
 8.12
1.187
 8.12
 1.03
 8.12
1.187
 8.12
 1.03
 8.12
1.187
 8.12
 1.03
 8.12
1.187
 8.12
 1.03
 8.12
1.187
 8.12
 1.03
 8.12
1.187
 8.12
 1.03
 8.12
1.187
 8.12
 1.03
 8.12
1.187
 8.12
 1.03
 8.12
1.187
 8.12
 1.03
 8.12
1.187
 8.12
 1.03
 8.12
1.187
 8.12
 1.03
 8.12
1.187
 8.12
 1.03
 8.12
1.187
 8.12
 1.03
 8.12
1.187
 8.12
 1.03
 8.12
1.187
 8.12
 1.03
 8.12
1.187
 8.12
 1.03
 8.12
1.187
 8.12
 1.03
 8.12
1.187
 8.12
 1.03
 8.12
1.187
 8.12
 1.03
 8.12
1.187
 8.12
 1.03
 8.12
1.187
 8.12
 1.03
 8.12
1.187
 8.12
 1.03
 8.12
1.187
 8.12
 1.03
 8.12
1.187
 8.12
 1.03
 8.12
1.187
 8.12
 1.03
 8.12
1.187
 8.12
 1.03
 8.12
1.187
 8.12
 1.03
 8.12
1.187
 8.12
 1.03
 8.12
1.187
 8.12
 1.03
 8.12
1.187
 8.12
 1.03
 8.12
1.187
 8.12
 1.03
 8.12
1.187
 8.12
 1.03
 8.12
1.187
 8.12
 1.03
 8.12
1.187
 8.12
 1.03
 8.12
1.187
 8.12
 1.03
 8.12
1.187
 8.12
 1.03
 8.12
1.187
 8.12
 1.03
 8.12
1.187
 8.12
 1.03
 8.12
1.187
 8.12
 1.03
 8.12
1.187
 8.12
 1.03
 8.12
1.187
 8.12
 1.03
 8.12
1.187
 8.12
 1.03
 8.12
1.187
 8.12
 1.03
 8.12
1.187
 8.12
 1.03
 8.12
1.187
 8.12
 1.03
 8.12
1.187
 8.12
 1.03
 8.12
1.187
 8.12
 1.03
 8.12
1.187
 8.12
 1.03
 8.12
1.187
 8.12
 1.03
 8.12
1.187
 8.12
 1.03
 8.12
1.187
 8.12
 1.03
 8.12
1.187
 8.12
 1.03
 8.12
1.187
 8.12
 1.03
 8.12
1.187
 8.12
 1.03
 8.12
1.187
 8.12
 1.03
 8.12
1.187
 8.12
 1.03
 8.12
1.187
 8.12