 50000      0      0      0
     0 500000      0      0
     0      0  50000      0
     0      0      0 500000
 200    0    0    0
   0    1    0    0
   0    0 1000    0
   0    0    0    5
 1.03
 8.12
1.187
 8.12
 1.03
 8.12
1.187
 8.12
 1.03
 8.12
1.187
 8.12
 1.03
 8.12
1.187
 8.12
 1.03
 8.12
1.187
 8.12
 1.03
 8.12
1.187
 8.12
 1.03
 8.12
1.187
 8.12
 1.03
 8.12
1.187
 8.12
 1.03
 8.12
1.187
 8.12
 1.03
 8.12
1.187
 8.12
 1.03
 8.12
1.187
 8.12
 1.03
 8.12
1.187
 8.12
 1.03
 8.12
1.187
 8.12
 1.03
 8.12
1.187
 8.12
 1.03
 8.12
1.187
 8.12
 1.03
 8.12
1.187
 8.12
 1.03
 8.12
1.187
 8.12
 1.03
 8.12
1.187
 8.12
 1.03
 8.12
1.187
 8.12
 1.03
 8.12
1.187
 8.12
 1.03
 8.12
1.187
 8.12
 1.03
 8.12
1.187
 8.12
 1.03
 8.12
1.187
 8.12
 1.03
 8.12
1.187
 8.12
 1.03
 8.12
1.187
 8.12
 1.03
 8.12
1.187
 8.12
 1.03
 8.12
1.187
 8.12
 1.03
 8.12
1.187
 8.12
 1.03
 8.12
1.187
 8.12
 1.03
 8.12
1.187
 8.12
 1.03
 8.12
1.187
 8.12
 1.03
 8.12
1.187
 8.12
 1.03
 8.12
1.187
 8.12
 1.03
 8.12
1.187
 8.12
 1.03
 8.12
1.187
 8.12
 1.03
 8.12
1.187
 8.12
 1.03
 8.12
1.187
 8.12
 1.03
 8.12
1.187
 8.12
 1.03
 8.12
1.187
 8.12
 1.03
 8.12
1.187
 8.12
 1.03
 8.12
1.187
 8.12
 1.03
 8.12
1.187
 8.12
 1.03
 8.12
1.187
 8.12
 1.03
 8.12
1.187
 8.12
 1.03
 8.12
1.187
 8.12
 1.03
 8.12
1.187
 8.12
 1.03
 8.12
1.187
 8.12
 1.03
 8.12
1.187
 8.12
 1.03
 8.12
1.187
 8.12
 1.03
 8.12
1.187
 8.12
 1.03
 8.12
1.187
 8.12
 1.03
 8.12
1.187
 8.12
 1.03
 8.12
1.187
 8.12
 1.03
 8.12
1.187
 8.12
 1.03
 8.12
1.187
 8.12
 1.03
 8.12
1.187
 8.12
 1.03
 8.12
1.187
 8.12
 1.03
 8.12
1.187
 8.12
 1.03
 8.12
1.187
 8.12
 1.03
 8.12
1.187
 8.12
 1.03
 8.12
1.187
 8.12
 1.03
 8.12
1.187
 8.12
 1.03
 8.12
1.187
 8.12
 1.03
 8.12
1.187
 8.12
 1.03
 8.12
1.187
 8.12
 1.03
 8.12
1.187
 8.12
 1.03
 8.12
1.187
 8.12
 1.03
 8.12
1.187
 8.12
 1.03
 8.12
1.187
 8.12
 1.03
 8.12
1.187
 8.12
 1.03
 8.12
1.187
 8.12
 1.03
 8.12
1.187
 8.12
 1.03
 8.12
1.187
 8.12
 1.03
 8.12
1.187
 8.12
 1.03
 8.12
1.187
 8.12
 1.03
 8.12
1.187
 8.12
 1.03
 8.12
1.187
 8.12
 1.03
 8.12
1.187
 8.12
 1.03
 8.12
1.187
 8.12
 1.03
 8.12
1.187
 8.12
 1.03
 8.12
1.187
 8.12
 1.03
 8.12
1.187
 8.12
 1.03
 8.12
1.187
 8.12
 1.03
 8.12
1.187
 8.12
 1.03
 8.12
1.187
 8.12
 1.03
 8.12
1.187
 8.12
 1.03
 8.12
1.187
 8.12
 1.03
 8.12
1.187
 8.12
 1.03
 8.12
1.187
 8.12
 1.03
 8.12
1.187
 8.12
 1.03
 8.12
1.187
 8.12
 1.03
 8.12
1.187
 8.12
 1.03
 8.12
1.187
 8.12
 1.03
 8.12
1.187
 8.12
 1.03
 8.12
1.187
 8.12
 1.03
 8.12
1.187
 8.12
 1.03
 8.12
1.187
 8.12
 1.03
 8.12
1.187
 8.12
 1.03
 8.12
1.187
 8.12
 1.03
 8.12
1.187
 8.12