1e+07     0     0     0
    0 1e+08     0     0
    0     0 1e+07     0
    0     0     0 1e+08
1000    0    0    0
   0   10    0    0
   0    0 1000    0
   0    0    0   10
 1.03
 8.12
1.187
 8.12
 1.03
 8.12
1.187
 8.12
 1.03
 8.12
1.187
 8.12
 1.03
 8.12
1.187
 8.12
 1.03
 8.12
1.187
 8.12
 1.03
 8.12
1.187
 8.12
 1.03
 8.12
1.187
 8.12
 1.03
 8.12
1.187
 8.12
 1.03
 8.12
1.187
 8.12
 1.03
 8.12
1.187
 8.12
 1.03
 8.12
1.187
 8.12
 1.03
 8.12
1.187
 8.12
 1.03
 8.12
1.187
 8.12
 1.03
 8.12
1.187
 8.12
 1.03
 8.12
1.187
 8.12
 1.03
 8.12
1.187
 8.12
 1.03
 8.12
1.187
 8.12
 1.03
 8.12
1.187
 8.12
 1.03
 8.12
1.187
 8.12
 1.03
 8.12
1.187
 8.12
 1.03
 8.12
1.187
 8.12
 1.03
 8.12
1.187
 8.12
 1.03
 8.12
1.187
 8.12
 1.03
 8.12
1.187
 8.12
 1.03
 8.12
1.187
 8.12
 1.03
 8.12
1.187
 8.12
 1.03
 8.12
1.187
 8.12
 1.03
 8.12
1.187
 8.12
 1.03
 8.12
1.187
 8.12
 1.03
 8.12
1.187
 8.12
 1.03
 8.12
1.187
 8.12
 1.03
 8.12
1.187
 8.12
 1.03
 8.12
1.187
 8.12
 1.03
 8.12
1.187
 8.12
 1.03
 8.12
1.187
 8.12
 1.03
 8.12
1.187
 8.12
 1.03
 8.12
1.187
 8.12
 1.03
 8.12
1.187
 8.12
 1.03
 8.12
1.187
 8.12
 1.03
 8.12
1.187
 8.12
 1.03
 8.12
1.187
 8.12
 1.03
 8.12
1.187
 8.12
 1.03
 8.12
1.187
 8.12
 1.03
 8.12
1.187
 8.12
 1.03
 8.12
1.187
 8.12
 1.03
 8.12
1.187
 8.12
 1.03
 8.12
1.187
 8.12
 1.03
 8.12
1.187
 8.12
 1.03
 8.12
1.187
 8.12
 1.03
 8.12
1.187
 8.12
 1.03
 8.12
1.187
 8.12
 1.03
 8.12
1.187
 8.12
 1.03
 8.12
1.187
 8.12
 1.03
 8.12
1.187
 8.12
 1.03
 8.12
1.187
 8.12
 1.03
 8.12
1.187
 8.12
 1.03
 8.12
1.187
 8.12
 1.03
 8.12
1.187
 8.12
 1.03
 8.12
1.187
 8.12
 1.03
 8.12
1.187
 8.12
 1.03
 8.12
1.187
 8.12
 1.03
 8.12
1.187
 8.12
 1.03
 8.12
1.187
 8.12
 1.03
 8.12
1.187
 8.12
 1.03
 8.12
1.187
 8.12
 1.03
 8.12
1.187
 8.12
 1.03
 8.12
1.187
 8.12
 1.03
 8.12
1.187
 8.12
 1.03
 8.12
1.187
 8.12
 1.03
 8.12
1.187
 8.12
 1.03
 8.12
1.187
 8.12
 1.03
 8.12
1.187
 8.12
 1.03
 8.12
1.187
 8.12
 1.03
 8.12
1.187
 8.12
 1.03
 8.12
1.187
 8.12
 1.03
 8.12
1.187
 8.12
 1.03
 8.12
1.187
 8.12
 1.03
 8.12
1.187
 8.12
 1.03
 8.12
1.187
 8.12
 1.03
 8.12
1.187
 8.12
 1.03
 8.12
1.187
 8.12
 1.03
 8.12
1.187
 8.12
 1.03
 8.12
1.187
 8.12
 1.03
 8.12
1.187
 8.12
 1.03
 8.12
1.187
 8.12
 1.03
 8.12
1.187
 8.12
 1.03
 8.12
1.187
 8.12
 1.03
 8.12
1.187
 8.12
 1.03
 8.12
1.187
 8.12
 1.03
 8.12
1.187
 8.12
 1.03
 8.12
1.187
 8.12
 1.03
 8.12
1.187
 8.12
 1.03
 8.12
1.187
 8.12
 1.03
 8.12
1.187
 8.12
 1.03
 8.12
1.187
 8.12
 1.03
 8.12
1.187
 8.12
 1.03
 8.12
1.187
 8.12
 1.03
 8.12
1.187
 8.12
 1.03
 8.12
1.187
 8.12
 1.03
 8.12
1.187
 8.12