 41000      0      0      0
     0 500000      0      0
     0      0  25000      0
     0      0      0 500000
 750    0    0    0
   0    4    0    0
   0    0 1500    0
   0    0    0    8
 1.03
 8.12
1.187
 8.12
 1.03
 8.12
1.187
 8.12
 1.03
 8.12
1.187
 8.12
 1.03
 8.12
1.187
 8.12
 1.03
 8.12
1.187
 8.12
 1.03
 8.12
1.187
 8.12
 1.03
 8.12
1.187
 8.12
 1.03
 8.12
1.187
 8.12
 1.03
 8.12
1.187
 8.12
 1.03
 8.12
1.187
 8.12
 1.03
 8.12
1.187
 8.12
 1.03
 8.12
1.187
 8.12
 1.03
 8.12
1.187
 8.12
 1.03
 8.12
1.187
 8.12
 1.03
 8.12
1.187
 8.12
 1.03
 8.12
1.187
 8.12
 1.03
 8.12
1.187
 8.12
 1.03
 8.12
1.187
 8.12
 1.03
 8.12
1.187
 8.12
 1.03
 8.12
1.187
 8.12
 1.03
 8.12
1.187
 8.12
 1.03
 8.12
1.187
 8.12
 1.03
 8.12
1.187
 8.12
 1.03
 8.12
1.187
 8.12
 1.03
 8.12
1.187
 8.12
 1.03
 8.12
1.187
 8.12
 1.03
 8.12
1.187
 8.12
 1.03
 8.12
1.187
 8.12
 1.03
 8.12
1.187
 8.12
 1.03
 8.12
1.187
 8.12
 1.03
 8.12
1.187
 8.12
 1.03
 8.12
1.187
 8.12
 1.03
 8.12
1.187
 8.12
 1.03
 8.12
1.187
 8.12
 1.03
 8.12
1.187
 8.12
 1.03
 8.12
1.187
 8.12
 1.03
 8.12
1.187
 8.12
 1.03
 8.12
1.187
 8.12
 1.03
 8.12
1.187
 8.12
 1.03
 8.12
1.187
 8.12
 1.03
 8.12
1.187
 8.12
 1.03
 8.12
1.187
 8.12
 1.03
 8.12
1.187
 8.12
 1.03
 8.12
1.187
 8.12
 1.03
 8.12
1.187
 8.12
 1.03
 8.12
1.187
 8.12
 1.03
 8.12
1.187
 8.12
 1.03
 8.12
1.187
 8.12
 1.03
 8.12
1.187
 8.12
 1.03
 8.12
1.187
 8.12
 1.03
 8.12
1.187
 8.12
 1.03
 8.12
1.187
 8.12
 1.03
 8.12
1.187
 8.12
 1.03
 8.12
1.187
 8.12
 1.03
 8.12
1.187
 8.12
 1.03
 8.12
1.187
 8.12
 1.03
 8.12
1.187
 8.12
 1.03
 8.12
1.187
 8.12
 1.03
 8.12
1.187
 8.12
 1.03
 8.12
1.187
 8.12
 1.03
 8.12
1.187
 8.12
 1.03
 8.12
1.187
 8.12
 1.03
 8.12
1.187
 8.12
 1.03
 8.12
1.187
 8.12
 1.03
 8.12
1.187
 8.12
 1.03
 8.12
1.187
 8.12
 1.03
 8.12
1.187
 8.12
 1.03
 8.12
1.187
 8.12
 1.03
 8.12
1.187
 8.12
 1.03
 8.12
1.187
 8.12
 1.03
 8.12
1.187
 8.12
 1.03
 8.12
1.187
 8.12
 1.03
 8.12
1.187
 8.12
 1.03
 8.12
1.187
 8.12
 1.03
 8.12
1.187
 8.12
 1.03
 8.12
1.187
 8.12
 1.03
 8.12
1.187
 8.12
 1.03
 8.12
1.187
 8.12
 1.03
 8.12
1.187
 8.12
 1.03
 8.12
1.187
 8.12
 1.03
 8.12
1.187
 8.12
 1.03
 8.12
1.187
 8.12
 1.03
 8.12
1.187
 8.12
 1.03
 8.12
1.187
 8.12
 1.03
 8.12
1.187
 8.12
 1.03
 8.12
1.187
 8.12
 1.03
 8.12
1.187
 8.12
 1.03
 8.12
1.187
 8.12
 1.03
 8.12
1.187
 8.12
 1.03
 8.12
1.187
 8.12
 1.03
 8.12
1.187
 8.12
 1.03
 8.12
1.187
 8.12
 1.03
 8.12
1.187
 8.12
 1.03
 8.12
1.187
 8.12
 1.03
 8.12
1.187
 8.12
 1.03
 8.12
1.187
 8.12
 1.03
 8.12
1.187
 8.12
 1.03
 8.12
1.187
 8.12
 1.03
 8.12
1.187
 8.12
 1.03
 8.12
1.187
 8.12