100000      0      0      0
     0 100000      0      0
     0      0 100000      0
     0      0      0 100000
100   0   0
  0   1   0
  0   0 100
100   0   0
  0   1   0
  0   0   1
 1.0292
8.15079
1.18845
8.15079
 1.0292
8.15079
1.18845
8.15079
 1.0292
8.15079
1.18845
8.15079
 1.0292
8.15079
1.18845
8.15079
 1.0292
8.15079
1.18845
8.15079
 1.0292
8.15079
1.18845
8.15079
 1.0292
8.15079
1.18845
8.15079
 1.0292
8.15079
1.18845
8.15079
 1.0292
8.15079
1.18845
8.15079
 1.0292
8.15079
1.18845
8.15079
 1.0292
8.15079
1.18845
8.15079
 1.0292
8.15079
1.18845
8.15079
 1.0292
8.15079
1.18845
8.15079
 1.0292
8.15079
1.18845
8.15079
 1.0292
8.15079
1.18845
8.15079
 1.0292
8.15079
1.18845
8.15079
 1.0292
8.15079
1.18845
8.15079
 1.0292
8.15079
1.18845
8.15079
 1.0292
8.15079
1.18845
8.15079
 1.0292
8.15079
1.18845
8.15079
 1.0292
8.15079
1.18845
8.15079
 1.0292
8.15079
1.18845
8.15079
 1.0292
8.15079
1.18845
8.15079
 1.0292
8.15079
1.18845
8.15079
 1.0292
8.15079
1.18845
8.15079
 1.0292
8.15079
1.18845
8.15079
 1.0292
8.15079
1.18845
8.15079
 1.0292
8.15079
1.18845
8.15079
 1.0292
8.15079
1.18845
8.15079
 1.0292
8.15079
1.18845
8.15079
 1.0292
8.15079
1.18845
8.15079
 1.0292
8.15079
1.18845
8.15079
 1.0292
8.15079
1.18845
8.15079
 1.0292
8.15079
1.18845
8.15079
 1.0292
8.15079
1.18845
8.15079
 1.0292
8.15079
1.18845
8.15079
 1.0292
8.15079
1.18845
8.15079
 1.0292
8.15079
1.18845
8.15079
 1.0292
8.15079
1.18845
8.15079
 1.0292
8.15079
1.18845
8.15079
 1.0292
8.15079
1.18845
8.15079
 1.0292
8.15079
1.18845
8.15079
 1.0292
8.15079
1.18845
8.15079
 1.0292
8.15079
1.18845
8.15079
 1.0292
8.15079
1.18845
8.15079
 1.0292
8.15079
1.18845
8.15079
 1.0292
8.15079
1.18845
8.15079
 1.0292
8.15079
1.18845
8.15079
 1.0292
8.15079
1.18845
8.15079
 1.0292
8.15079
1.18845
8.15079
 1.0292
8.15079
1.18845
8.15079
 1.0292
8.15079
1.18845
8.15079
 1.0292
8.15079
1.18845
8.15079
 1.0292
8.15079
1.18845
8.15079
 1.0292
8.15079
1.18845
8.15079
 1.0292
8.15079
1.18845
8.15079
 1.0292
8.15079
1.18845
8.15079
 1.0292
8.15079
1.18845
8.15079
 1.0292
8.15079
1.18845
8.15079
 1.0292
8.15079
1.18845
8.15079
 1.0292
8.15079
1.18845
8.15079
 1.0292
8.15079
1.18845
8.15079
 1.0292
8.15079
1.18845
8.15079
 1.0292
8.15079
1.18845
8.15079
 1.0292
8.15079
1.18845
8.15079
 1.0292
8.15079
1.18845
8.15079
 1.0292
8.15079
1.18845
8.15079
 1.0292
8.15079
1.18845
8.15079
 1.0292
8.15079
1.18845
8.15079
 1.0292
8.15079
1.18845
8.15079
 1.0292
8.15079
1.18845
8.15079
 1.0292
8.15079
1.18845
8.15079
 1.0292
8.15079
1.18845
8.15079
 1.0292
8.15079
1.18845
8.15079
 1.0292
8.15079
1.18845
8.15079
 1.0292
8.15079
1.18845
8.15079
 1.0292
8.15079
1.18845
8.15079
 1.0292
8.15079
1.18845
8.15079
 1.0292
8.15079
1.18845
8.15079
 1.0292
8.15079
1.18845
8.15079
 1.0292
8.15079
1.18845
8.15079
 1.0292
8.15079
1.18845
8.15079
 1.0292
8.15079
1.18845
8.15079
 1.0292
8.15079
1.18845
8.15079
 1.0292
8.15079
1.18845
8.15079
 1.0292
8.15079
1.18845
8.15079
 1.0292
8.15079
1.18845
8.15079
 1.0292
8.15079
1.18845
8.15079
 1.0292
8.15079
1.18845
8.15079
 1.0292
8.15079
1.18845
8.15079
 1.0292
8.15079
1.18845
8.15079
 1.0292
8.15079
1.18845
8.15079
 1.0292
8.15079
1.18845
8.15079
 1.0292
8.15079
1.18845
8.15079
 1.0292
8.15079
1.18845
8.15079
 1.0292
8.15079
1.18845
8.15079
 1.0292
8.15079
1.18845
8.15079
 1.0292
8.15079
1.18845
8.15079
 1.0292
8.15079
1.18845
8.15079
 1.0292
8.15079
1.18845
8.15079