 43000      0      0      0
     0 480000      0      0
     0      0  43000      0
     0      0      0 480000
200   0
  0   1
1000    0
   0    8
 1.03
 8.12
1.187
 8.12
 1.03
 8.12
1.187
 8.12
 1.03
 8.12
1.187
 8.12
 1.03
 8.12
1.187
 8.12
 1.03
 8.12
1.187
 8.12
 1.03
 8.12
1.187
 8.12
 1.03
 8.12
1.187
 8.12
 1.03
 8.12
1.187
 8.12
 1.03
 8.12
1.187
 8.12
 1.03
 8.12
1.187
 8.12
 1.03
 8.12
1.187
 8.12
 1.03
 8.12
1.187
 8.12
 1.03
 8.12
1.187
 8.12
 1.03
 8.12
1.187
 8.12
 1.03
 8.12
1.187
 8.12
 1.03
 8.12
1.187
 8.12
 1.03
 8.12
1.187
 8.12
 1.03
 8.12
1.187
 8.12
 1.03
 8.12
1.187
 8.12
 1.03
 8.12
1.187
 8.12
 1.03
 8.12
1.187
 8.12
 1.03
 8.12
1.187
 8.12
 1.03
 8.12
1.187
 8.12
 1.03
 8.12
1.187
 8.12
 1.03
 8.12
1.187
 8.12
 1.03
 8.12
1.187
 8.12
 1.03
 8.12
1.187
 8.12
 1.03
 8.12
1.187
 8.12
 1.03
 8.12
1.187
 8.12
 1.03
 8.12
1.187
 8.12
 1.03
 8.12
1.187
 8.12
 1.03
 8.12
1.187
 8.12
 1.03
 8.12
1.187
 8.12
 1.03
 8.12
1.187
 8.12
 1.03
 8.12
1.187
 8.12
 1.03
 8.12
1.187
 8.12
 1.03
 8.12
1.187
 8.12
 1.03
 8.12
1.187
 8.12
 1.03
 8.12
1.187
 8.12
 1.03
 8.12
1.187
 8.12
 1.03
 8.12
1.187
 8.12
 1.03
 8.12
1.187
 8.12
 1.03
 8.12
1.187
 8.12
 1.03
 8.12
1.187
 8.12
 1.03
 8.12
1.187
 8.12
 1.03
 8.12
1.187
 8.12
 1.03
 8.12
1.187
 8.12
 1.03
 8.12
1.187
 8.12
 1.03
 8.12
1.187
 8.12
 1.03
 8.12
1.187
 8.12
 1.03
 8.12
1.187
 8.12
 1.03
 8.12
1.187
 8.12
 1.03
 8.12
1.187
 8.12
 1.03
 8.12
1.187
 8.12
 1.03
 8.12
1.187
 8.12
 1.03
 8.12
1.187
 8.12
 1.03
 8.12
1.187
 8.12
 1.03
 8.12
1.187
 8.12
 1.03
 8.12
1.187
 8.12
 1.03
 8.12
1.187
 8.12
 1.03
 8.12
1.187
 8.12
 1.03
 8.12
1.187
 8.12
 1.03
 8.12
1.187
 8.12
 1.03
 8.12
1.187
 8.12
 1.03
 8.12
1.187
 8.12
 1.03
 8.12
1.187
 8.12
 1.03
 8.12
1.187
 8.12
 1.03
 8.12
1.187
 8.12
 1.03
 8.12
1.187
 8.12
 1.03
 8.12
1.187
 8.12
 1.03
 8.12
1.187
 8.12
 1.03
 8.12
1.187
 8.12
 1.03
 8.12
1.187
 8.12
 1.03
 8.12
1.187
 8.12
 1.03
 8.12
1.187
 8.12
 1.03
 8.12
1.187
 8.12
 1.03
 8.12
1.187
 8.12
 1.03
 8.12
1.187
 8.12
 1.03
 8.12
1.187
 8.12
 1.03
 8.12
1.187
 8.12
 1.03
 8.12
1.187
 8.12
 1.03
 8.12
1.187
 8.12
 1.03
 8.12
1.187
 8.12
 1.03
 8.12
1.187
 8.12
 1.03
 8.12
1.187
 8.12
 1.03
 8.12
1.187
 8.12
 1.03
 8.12
1.187
 8.12
 1.03
 8.12
1.187
 8.12
 1.03
 8.12
1.187
 8.12
 1.03
 8.12
1.187
 8.12
 1.03
 8.12
1.187
 8.12
 1.03
 8.12
1.187
 8.12
 1.03
 8.12
1.187
 8.12
 1.03
 8.12
1.187
 8.12
 1.03
 8.12
1.187
 8.12
 1.03
 8.12
1.187
 8.12
 1.03
 8.12
1.187
 8.12
 1.03
 8.12
1.187
 8.12
 1.03
 8.12
1.187
 8.12
 1.03
 8.12
1.187
 8.12