 50000      0      0      0
     0 500000      0      0
     0      0  50000      0
     0      0      0  2e+06
 500    0    0
   0    1    0
   0    0 1000
1000    0    0
   0    1    0
   0    0    0
1.00902
7.42873
1.17404
7.42873
1.00902
7.42873
1.17404
7.42873
1.00902
7.42873
1.17404
7.42873
1.00902
7.42873
1.17404
7.42873
1.00902
7.42873
1.17404
7.42873
1.00902
7.42873
1.17404
7.42873
1.00902
7.42873
1.17404
7.42873
1.00902
7.42873
1.17404
7.42873
1.00902
7.42873
1.17404
7.42873
1.00902
7.42873
1.17404
7.42873
1.00902
7.42873
1.17404
7.42873
1.00902
7.42873
1.17404
7.42873
1.00902
7.42873
1.17404
7.42873
1.00902
7.42873
1.17404
7.42873
1.00902
7.42873
1.17404
7.42873
1.00902
7.42873
1.17404
7.42873
1.00902
7.42873
1.17404
7.42873
1.00902
7.42873
1.17404
7.42873
1.00902
7.42873
1.17404
7.42873
1.00902
7.42873
1.17404
7.42873
1.00902
7.42873
1.17404
7.42873
1.00902
7.42873
1.17404
7.42873
1.00902
7.42873
1.17404
7.42873
1.00902
7.42873
1.17404
7.42873
1.00902
7.42873
1.17404
7.42873
1.00902
7.42873
1.17404
7.42873
1.00902
7.42873
1.17404
7.42873
1.00902
7.42873
1.17404
7.42873
1.00902
7.42873
1.17404
7.42873
1.00902
7.42873
1.17404
7.42873
1.00902
7.42873
1.17404
7.42873
1.00902
7.42873
1.17404
7.42873
1.00902
7.42873
1.17404
7.42873
1.00902
7.42873
1.17404
7.42873
1.00902
7.42873
1.17404
7.42873
1.00902
7.42873
1.17404
7.42873
1.00902
7.42873
1.17404
7.42873
1.00902
7.42873
1.17404
7.42873
1.00902
7.42873
1.17404
7.42873
1.00902
7.42873
1.17404
7.42873
1.00902
7.42873
1.17404
7.42873
1.00902
7.42873
1.17404
7.42873
1.00902
7.42873
1.17404
7.42873
1.00902
7.42873
1.17404
7.42873
1.00902
7.42873
1.17404
7.42873
1.00902
7.42873
1.17404
7.42873
1.00902
7.42873
1.17404
7.42873
1.00902
7.42873
1.17404
7.42873
1.00902
7.42873
1.17404
7.42873
1.00902
7.42873
1.17404
7.42873
1.00902
7.42873
1.17404
7.42873
1.00902
7.42873
1.17404
7.42873
1.00902
7.42873
1.17404
7.42873
1.00902
7.42873
1.17404
7.42873
1.00902
7.42873
1.17404
7.42873
1.00902
7.42873
1.17404
7.42873
1.00902
7.42873
1.17404
7.42873
1.00902
7.42873
1.17404
7.42873
1.00902
7.42873
1.17404
7.42873
1.00902
7.42873
1.17404
7.42873
1.00902
7.42873
1.17404
7.42873
1.00902
7.42873
1.17404
7.42873
1.00902
7.42873
1.17404
7.42873
1.00902
7.42873
1.17404
7.42873
1.00902
7.42873
1.17404
7.42873
1.00902
7.42873
1.17404
7.42873
1.00902
7.42873
1.17404
7.42873
1.00902
7.42873
1.17404
7.42873
1.00902
7.42873
1.17404
7.42873
1.00902
7.42873
1.17404
7.42873
1.00902
7.42873
1.17404
7.42873
1.00902
7.42873
1.17404
7.42873
1.00902
7.42873
1.17404
7.42873
1.00902
7.42873
1.17404
7.42873
1.00902
7.42873
1.17404
7.42873
1.00902
7.42873
1.17404
7.42873
1.00902
7.42873
1.17404
7.42873
1.00902
7.42873
1.17404
7.42873
1.00902
7.42873
1.17404
7.42873
1.00902
7.42873
1.17404
7.42873
1.00902
7.42873
1.17404
7.42873
1.00902
7.42873
1.17404
7.42873
1.00902
7.42873
1.17404
7.42873
1.00902
7.42873
1.17404
7.42873
1.00902
7.42873
1.17404
7.42873
1.00902
7.42873
1.17404
7.42873
1.00902
7.42873
1.17404
7.42873
1.00902
7.42873
1.17404
7.42873
1.00902
7.42873
1.17404
7.42873
1.00902
7.42873
1.17404
7.42873
1.00902
7.42873
1.17404
7.42873
1.00902
7.42873
1.17404
7.42873
1.00902
7.42873
1.17404
7.42873
1.00902
7.42873
1.17404
7.42873
1.00902
7.42873
1.17404
7.42873
1.00902
7.42873
1.17404
7.42873
1.00902
7.42873
1.17404
7.42873
1.00902
7.42873
1.17404
7.42873
1.00902
7.42873
1.17404
7.42873
1.00902
7.42873
1.17404
7.42873