 43000      0      0      0
     0 400000      0      0
     0      0  34000      0
     0      0      0 500000
 100    0    0    0
   0   10    0    0
   0    0 1900    0
   0    0    0   15
 1.03
  8.1
1.187
  8.1
 1.03
  8.1
1.187
  8.1
 1.03
  8.1
1.187
  8.1
 1.03
  8.1
1.187
  8.1
 1.03
  8.1
1.187
  8.1
 1.03
  8.1
1.187
  8.1
 1.03
  8.1
1.187
  8.1
 1.03
  8.1
1.187
  8.1
 1.03
  8.1
1.187
  8.1
 1.03
  8.1
1.187
  8.1
 1.03
  8.1
1.187
  8.1
 1.03
  8.1
1.187
  8.1
 1.03
  8.1
1.187
  8.1
 1.03
  8.1
1.187
  8.1
 1.03
  8.1
1.187
  8.1
 1.03
  8.1
1.187
  8.1
 1.03
  8.1
1.187
  8.1
 1.03
  8.1
1.187
  8.1
 1.03
  8.1
1.187
  8.1
 1.03
  8.1
1.187
  8.1
 1.03
  8.1
1.187
  8.1
 1.03
  8.1
1.187
  8.1
 1.03
  8.1
1.187
  8.1
 1.03
  8.1
1.187
  8.1
 1.03
  8.1
1.187
  8.1
 1.03
  8.1
1.187
  8.1
 1.03
  8.1
1.187
  8.1
 1.03
  8.1
1.187
  8.1
 1.03
  8.1
1.187
  8.1
 1.03
  8.1
1.187
  8.1
 1.03
  8.1
1.187
  8.1
 1.03
  8.1
1.187
  8.1
 1.03
  8.1
1.187
  8.1
 1.03
  8.1
1.187
  8.1
 1.03
  8.1
1.187
  8.1
 1.03
  8.1
1.187
  8.1
 1.03
  8.1
1.187
  8.1
 1.03
  8.1
1.187
  8.1
 1.03
  8.1
1.187
  8.1
 1.03
  8.1
1.187
  8.1
 1.03
  8.1
1.187
  8.1
 1.03
  8.1
1.187
  8.1
 1.03
  8.1
1.187
  8.1
 1.03
  8.1
1.187
  8.1
 1.03
  8.1
1.187
  8.1
 1.03
  8.1
1.187
  8.1
 1.03
  8.1
1.187
  8.1
 1.03
  8.1
1.187
  8.1
 1.03
  8.1
1.187
  8.1
 1.03
  8.1
1.187
  8.1
 1.03
  8.1
1.187
  8.1
 1.03
  8.1
1.187
  8.1
 1.03
  8.1
1.187
  8.1
 1.03
  8.1
1.187
  8.1
 1.03
  8.1
1.187
  8.1
 1.03
  8.1
1.187
  8.1
 1.03
  8.1
1.187
  8.1
 1.03
  8.1
1.187
  8.1
 1.03
  8.1
1.187
  8.1
 1.03
  8.1
1.187
  8.1
 1.03
  8.1
1.187
  8.1
 1.03
  8.1
1.187
  8.1
 1.03
  8.1
1.187
  8.1
 1.03
  8.1
1.187
  8.1
 1.03
  8.1
1.187
  8.1
 1.03
  8.1
1.187
  8.1
 1.03
  8.1
1.187
  8.1
 1.03
  8.1
1.187
  8.1
 1.03
  8.1
1.187
  8.1
 1.03
  8.1
1.187
  8.1
 1.03
  8.1
1.187
  8.1
 1.03
  8.1
1.187
  8.1
 1.03
  8.1
1.187
  8.1
 1.03
  8.1
1.187
  8.1
 1.03
  8.1
1.187
  8.1
 1.03
  8.1
1.187
  8.1
 1.03
  8.1
1.187
  8.1
 1.03
  8.1
1.187
  8.1
 1.03
  8.1
1.187
  8.1
 1.03
  8.1
1.187
  8.1
 1.03
  8.1
1.187
  8.1
 1.03
  8.1
1.187
  8.1
 1.03
  8.1
1.187
  8.1
 1.03
  8.1
1.187
  8.1
 1.03
  8.1
1.187
  8.1
 1.03
  8.1
1.187
  8.1
 1.03
  8.1
1.187
  8.1
 1.03
  8.1
1.187
  8.1
 1.03
  8.1
1.187
  8.1
 1.03
  8.1
1.187
  8.1
 1.03
  8.1
1.187
  8.1
 1.03
  8.1
1.187
  8.1
 1.03
  8.1
1.187
  8.1
 1.03
  8.1
1.187
  8.1
 1.03
  8.1
1.187
  8.1
 1.03
  8.1
1.187
  8.1
 1.03
  8.1
1.187
  8.1
 1.03
  8.1
1.187
  8.1
 1.03
  8.1
1.187
  8.1
 1.03
  8.1
1.187
  8.1