 20000      0      0      0
     0 200000      0      0
     0      0  20000      0
     0      0      0 200000
  1   0   0   0
  0   1   0   0
  0   0   0   0
  0   0   0 500
 4.5
 4.5
   0
1.12
 4.5
 4.5
   0
1.12
 4.5
 4.5
   0
1.12
 4.5
 4.5
   0
1.12
 4.5
 4.5
   0
1.12
 4.5
 4.5
   0
1.12
 4.5
 4.5
   0
1.12
 4.5
 4.5
   0
1.12
 4.5
 4.5
   0
1.12
 4.5
 4.5
   0
1.12
 4.5
 4.5
   0
1.12
 4.5
 4.5
   0
1.12
 4.5
 4.5
   0
1.12
 4.5
 4.5
   0
1.12
 4.5
 4.5
   0
1.12
 4.5
 4.5
   0
1.12
 4.5
 4.5
   0
1.12
 4.5
 4.5
   0
1.12
 4.5
 4.5
   0
1.12
 4.5
 4.5
   0
1.12
 4.5
 4.5
   0
1.12
 4.5
 4.5
   0
1.12
 4.5
 4.5
   0
1.12
 4.5
 4.5
   0
1.12
 4.5
 4.5
   0
1.12
 4.5
 4.5
   0
1.12
 4.5
 4.5
   0
1.12
 4.5
 4.5
   0
1.12
 4.5
 4.5
   0
1.12
 4.5
 4.5
   0
1.12
 4.5
 4.5
   0
1.12
 4.5
 4.5
   0
1.12
 4.5
 4.5
   0
1.12
 4.5
 4.5
   0
1.12
 4.5
 4.5
   0
1.12
 4.5
 4.5
   0
1.12
 4.5
 4.5
   0
1.12
 4.5
 4.5
   0
1.12
 4.5
 4.5
   0
1.12
 4.5
 4.5
   0
1.12
 4.5
 4.5
   0
1.12
 4.5
 4.5
   0
1.12
 4.5
 4.5
   0
1.12
 4.5
 4.5
   0
1.12
 4.5
 4.5
   0
1.12
 4.5
 4.5
   0
1.12
 4.5
 4.5
   0
1.12
 4.5
 4.5
   0
1.12
 4.5
 4.5
   0
1.12
 4.5
 4.5
   0
1.12
 4.5
 4.5
   0
1.12
 4.5
 4.5
   0
1.12
 4.5
 4.5
   0
1.12
 4.5
 4.5
   0
1.12
 4.5
 4.5
   0
1.12
 4.5
 4.5
   0
1.12
 4.5
 4.5
   0
1.12
 4.5
 4.5
   0
1.12
 4.5
 4.5
   0
1.12
 4.5
 4.5
   0
1.12
 4.5
 4.5
   0
1.12
 4.5
 4.5
   0
1.12
 4.5
 4.5
   0
1.12
 4.5
 4.5
   0
1.12
 4.5
 4.5
   0
1.12
 4.5
 4.5
   0
1.12
 4.5
 4.5
   0
1.12
 4.5
 4.5
   0
1.12
 4.5
 4.5
   0
1.12
 4.5
 4.5
   0
1.12
 4.5
 4.5
   0
1.12
 4.5
 4.5
   0
1.12
 4.5
 4.5
   0
1.12
 4.5
 4.5
   0
1.12
 4.5
 4.5
   0
1.12
 4.5
 4.5
   0
1.12
 4.5
 4.5
   0
1.12
 4.5
 4.5
   0
1.12
 4.5
 4.5
   0
1.12
 4.5
 4.5
   0
1.12
 4.5
 4.5
   0
1.12
 4.5
 4.5
   0
1.12
 4.5
 4.5
   0
1.12
 4.5
 4.5
   0
1.12
 4.5
 4.5
   0
1.12
 4.5
 4.5
   0
1.12
 4.5
 4.5
   0
1.12
 4.5
 4.5
   0
1.12
 4.5
 4.5
   0
1.12
 4.5
 4.5
   0
1.12
 4.5
 4.5
   0
1.12
 4.5
 4.5
   0
1.12
 4.5
 4.5
   0
1.12
 4.5
 4.5
   0
1.12
 4.5
 4.5
   0
1.12
 4.5
 4.5
   0
1.12
 4.5
 4.5
   0
1.12
 4.5
 4.5
   0
1.12
 4.5
 4.5
   0
1.12
 4.5
 4.5
   0
1.12