 19000      0      0      0
     0 190000      0      0
     0      0  19000      0
     0      0      0 190000
  1   0   0   0
  0   1   0   0
  0   0   0   0
  0   0   0 420
 4.5
 4.5
   0
1.12
 4.5
 4.5
   0
1.12
 4.5
 4.5
   0
1.12
 4.5
 4.5
   0
1.12
 4.5
 4.5
   0
1.12
 4.5
 4.5
   0
1.12
 4.5
 4.5
   0
1.12
 4.5
 4.5
   0
1.12
 4.5
 4.5
   0
1.12
 4.5
 4.5
   0
1.12
 4.5
 4.5
   0
1.12
 4.5
 4.5
   0
1.12
 4.5
 4.5
   0
1.12
 4.5
 4.5
   0
1.12
 4.5
 4.5
   0
1.12
 4.5
 4.5
   0
1.12
 4.5
 4.5
   0
1.12
 4.5
 4.5
   0
1.12
 4.5
 4.5
   0
1.12
 4.5
 4.5
   0
1.12
 4.5
 4.5
   0
1.12
 4.5
 4.5
   0
1.12
 4.5
 4.5
   0
1.12
 4.5
 4.5
   0
1.12
 4.5
 4.5
   0
1.12
 4.5
 4.5
   0
1.12
 4.5
 4.5
   0
1.12
 4.5
 4.5
   0
1.12
 4.5
 4.5
   0
1.12
 4.5
 4.5
   0
1.12
 4.5
 4.5
   0
1.12
 4.5
 4.5
   0
1.12
 4.5
 4.5
   0
1.12
 4.5
 4.5
   0
1.12
 4.5
 4.5
   0
1.12
 4.5
 4.5
   0
1.12
 4.5
 4.5
   0
1.12
 4.5
 4.5
   0
1.12
 4.5
 4.5
   0
1.12
 4.5
 4.5
   0
1.12
 4.5
 4.5
   0
1.12
 4.5
 4.5
   0
1.12
 4.5
 4.5
   0
1.12
 4.5
 4.5
   0
1.12
 4.5
 4.5
   0
1.12
 4.5
 4.5
   0
1.12
 4.5
 4.5
   0
1.12
 4.5
 4.5
   0
1.12
 4.5
 4.5
   0
1.12
 4.5
 4.5
   0
1.12
 4.5
 4.5
   0
1.12
 4.5
 4.5
   0
1.12
 4.5
 4.5
   0
1.12
 4.5
 4.5
   0
1.12
 4.5
 4.5
   0
1.12
 4.5
 4.5
   0
1.12
 4.5
 4.5
   0
1.12
 4.5
 4.5
   0
1.12
 4.5
 4.5
   0
1.12
 4.5
 4.5
   0
1.12
 4.5
 4.5
   0
1.12
 4.5
 4.5
   0
1.12
 4.5
 4.5
   0
1.12
 4.5
 4.5
   0
1.12
 4.5
 4.5
   0
1.12
 4.5
 4.5
   0
1.12
 4.5
 4.5
   0
1.12
 4.5
 4.5
   0
1.12
 4.5
 4.5
   0
1.12
 4.5
 4.5
   0
1.12
 4.5
 4.5
   0
1.12
 4.5
 4.5
   0
1.12
 4.5
 4.5
   0
1.12
 4.5
 4.5
   0
1.12
 4.5
 4.5
   0
1.12
 4.5
 4.5
   0
1.12
 4.5
 4.5
   0
1.12
 4.5
 4.5
   0
1.12
 4.5
 4.5
   0
1.12
 4.5
 4.5
   0
1.12
 4.5
 4.5
   0
1.12
 4.5
 4.5
   0
1.12
 4.5
 4.5
   0
1.12
 4.5
 4.5
   0
1.12
 4.5
 4.5
   0
1.12
 4.5
 4.5
   0
1.12
 4.5
 4.5
   0
1.12
 4.5
 4.5
   0
1.12
 4.5
 4.5
   0
1.12
 4.5
 4.5
   0
1.12
 4.5
 4.5
   0
1.12
 4.5
 4.5
   0
1.12
 4.5
 4.5
   0
1.12
 4.5
 4.5
   0
1.12
 4.5
 4.5
   0
1.12
 4.5
 4.5
   0
1.12
 4.5
 4.5
   0
1.12
 4.5
 4.5
   0
1.12
 4.5
 4.5
   0
1.12
 4.5
 4.5
   0
1.12