 22000      0      0      0
     0 220000      0      0
     0      0  22000      0
     0      0      0 220000
  1   0   0   0
  0   1   0   0
  0   0   0   0
  0   0   0 600
 4.5
 4.5
   0
1.12
 4.5
 4.5
   0
1.12
 4.5
 4.5
   0
1.12
 4.5
 4.5
   0
1.12
 4.5
 4.5
   0
1.12
 4.5
 4.5
   0
1.12
 4.5
 4.5
   0
1.12
 4.5
 4.5
   0
1.12
 4.5
 4.5
   0
1.12
 4.5
 4.5
   0
1.12
 4.5
 4.5
   0
1.12
 4.5
 4.5
   0
1.12
 4.5
 4.5
   0
1.12
 4.5
 4.5
   0
1.12
 4.5
 4.5
   0
1.12
 4.5
 4.5
   0
1.12
 4.5
 4.5
   0
1.12
 4.5
 4.5
   0
1.12
 4.5
 4.5
   0
1.12
 4.5
 4.5
   0
1.12
 4.5
 4.5
   0
1.12
 4.5
 4.5
   0
1.12
 4.5
 4.5
   0
1.12
 4.5
 4.5
   0
1.12
 4.5
 4.5
   0
1.12
 4.5
 4.5
   0
1.12
 4.5
 4.5
   0
1.12
 4.5
 4.5
   0
1.12
 4.5
 4.5
   0
1.12
 4.5
 4.5
   0
1.12
 4.5
 4.5
   0
1.12
 4.5
 4.5
   0
1.12
 4.5
 4.5
   0
1.12
 4.5
 4.5
   0
1.12
 4.5
 4.5
   0
1.12
 4.5
 4.5
   0
1.12
 4.5
 4.5
   0
1.12
 4.5
 4.5
   0
1.12
 4.5
 4.5
   0
1.12
 4.5
 4.5
   0
1.12
 4.5
 4.5
   0
1.12
 4.5
 4.5
   0
1.12
 4.5
 4.5
   0
1.12
 4.5
 4.5
   0
1.12
 4.5
 4.5
   0
1.12
 4.5
 4.5
   0
1.12
 4.5
 4.5
   0
1.12
 4.5
 4.5
   0
1.12
 4.5
 4.5
   0
1.12
 4.5
 4.5
   0
1.12
 4.5
 4.5
   0
1.12
 4.5
 4.5
   0
1.12
 4.5
 4.5
   0
1.12
 4.5
 4.5
   0
1.12
 4.5
 4.5
   0
1.12
 4.5
 4.5
   0
1.12
 4.5
 4.5
   0
1.12
 4.5
 4.5
   0
1.12
 4.5
 4.5
   0
1.12
 4.5
 4.5
   0
1.12
 4.5
 4.5
   0
1.12
 4.5
 4.5
   0
1.12
 4.5
 4.5
   0
1.12
 4.5
 4.5
   0
1.12
 4.5
 4.5
   0
1.12
 4.5
 4.5
   0
1.12
 4.5
 4.5
   0
1.12
 4.5
 4.5
   0
1.12
 4.5
 4.5
   0
1.12
 4.5
 4.5
   0
1.12
 4.5
 4.5
   0
1.12
 4.5
 4.5
   0
1.12
 4.5
 4.5
   0
1.12
 4.5
 4.5
   0
1.12
 4.5
 4.5
   0
1.12
 4.5
 4.5
   0
1.12
 4.5
 4.5
   0
1.12
 4.5
 4.5
   0
1.12
 4.5
 4.5
   0
1.12
 4.5
 4.5
   0
1.12
 4.5
 4.5
   0
1.12
 4.5
 4.5
   0
1.12
 4.5
 4.5
   0
1.12
 4.5
 4.5
   0
1.12
 4.5
 4.5
   0
1.12
 4.5
 4.5
   0
1.12
 4.5
 4.5
   0
1.12
 4.5
 4.5
   0
1.12
 4.5
 4.5
   0
1.12
 4.5
 4.5
   0
1.12
 4.5
 4.5
   0
1.12
 4.5
 4.5
   0
1.12
 4.5
 4.5
   0
1.12
 4.5
 4.5
   0
1.12
 4.5
 4.5
   0
1.12
 4.5
 4.5
   0
1.12
 4.5
 4.5
   0
1.12
 4.5
 4.5
   0
1.12
 4.5
 4.5
   0
1.12
 4.5
 4.5
   0
1.12