0
0
0
0
0
0
5e+06
5e+06
5e+06
5e+06
5e+06
5e+06
1e+07
1e+07
1e+07
1e+07
1e+07
1e+07
1e+07
1e+07
1.5e+07
1.5e+07
1.5e+07
1.5e+07
1.5e+07
1.5e+07
2e+07
2e+07
2e+07
2e+07
2e+07
2e+07
2e+07
2.5e+07
2.5e+07
2.5e+07
2.5e+07
2.5e+07
3e+07
3e+07
3e+07
3e+07
3e+07
3e+07
3e+07
3e+07
3.5e+07
3.5e+07
3.5e+07
3.5e+07
3.5e+07
4e+07
4e+07
4e+07
4e+07
4e+07
4e+07
4e+07
4e+07
4e+07
4.5e+07
4.5e+07
4.5e+07
4.5e+07
4.5e+07
5e+07
5e+07
5e+07
5e+07
5e+07
5e+07
5e+07
5e+07
5e+07
5.5e+07
5.5e+07
5.5e+07
5.5e+07
5.5e+07
5.5e+07
6e+07
6e+07
6e+07
6e+07
6e+07
6e+07
6e+07
6e+07
6.5e+07
6.5e+07
6.5e+07
6.5e+07
6.5e+07
6.5e+07
7e+07
7e+07
7e+07
7e+07
7e+07
7e+07
7e+07
7e+07
7.5e+07
7.5e+07
7.5e+07
7.5e+07
7.5e+07
7.5e+07
8e+07
8e+07
8e+07
8e+07
8e+07
8e+07
8e+07
8e+07
8e+07
8.5e+07
8.5e+07
8.5e+07
8.5e+07
8.5e+07
9e+07
9e+07
9e+07
9e+07
9e+07
9e+07
9e+07
9e+07
9e+07
9.5e+07
9.5e+07
9.5e+07
9.5e+07
9.5e+07
9.5e+07
1e+08
1e+08
1e+08
1e+08
1e+08
1e+08
1e+08
1e+08
1.05e+08
1.05e+08
1.05e+08
1.05e+08
1.05e+08
1.05e+08
1.1e+08
1.1e+08
1.1e+08
1.1e+08
1.1e+08
1.1e+08
1.1e+08
1.1e+08
1.15e+08
1.15e+08
1.15e+08
1.15e+08
1.15e+08
1.15e+08
1.2e+08
1.2e+08
1.2e+08
1.2e+08
1.2e+08
1.2e+08
1.2e+08
1.2e+08
1.2e+08
1.25e+08
1.25e+08
1.25e+08
1.25e+08
1.25e+08
1.3e+08
1.3e+08
1.3e+08
1.3e+08
1.3e+08
1.3e+08
1.3e+08
1.3e+08
1.3e+08
1.35e+08
1.35e+08
1.35e+08
1.35e+08
1.35e+08
1.35e+08
1.4e+08
1.4e+08
1.4e+08
1.4e+08
1.4e+08
1.4e+08
1.4e+08
1.4e+08
1.45e+08
1.45e+08
1.45e+08
1.45e+08
1.45e+08
1.45e+08
1.5e+08
1.5e+08
1.5e+08
1.5e+08
1.5e+08
1.5e+08
1.5e+08
1.5e+08
1.55e+08
1.55e+08
1.55e+08
1.55e+08
1.55e+08
1.55e+08
1.6e+08
1.6e+08
1.6e+08
1.6e+08
1.6e+08
1.6e+08
1.6e+08
1.6e+08
1.65e+08
1.65e+08
1.65e+08
1.65e+08
1.65e+08
1.65e+08
1.7e+08
1.7e+08
1.7e+08
1.7e+08
1.7e+08
1.7e+08
1.7e+08
1.7e+08
1.7e+08
1.75e+08
1.75e+08
1.75e+08
1.75e+08
1.75e+08
1.8e+08
1.8e+08
1.8e+08
1.8e+08
1.8e+08
1.8e+08
1.8e+08
1.8e+08
1.8e+08
1.85e+08
1.85e+08
1.85e+08
1.85e+08
1.85e+08
1.85e+08
1.9e+08
1.9e+08
1.9e+08
1.9e+08
1.9e+08
1.9e+08
1.9e+08
1.9e+08
1.95e+08
1.95e+08
1.95e+08
1.95e+08
1.95e+08
1.95e+08
2e+08
2e+08
2e+08
2e+08
2e+08
2e+08
2e+08
2e+08
2.05e+08
2.05e+08
2.05e+08
2.05e+08
2.05e+08
2.05e+08
2.1e+08
2.1e+08
2.1e+08
2.1e+08
2.1e+08
2.1e+08
2.1e+08
2.1e+08
2.1e+08
2.15e+08
2.15e+08
2.15e+08
2.15e+08
2.15e+08
2.2e+08
2.2e+08
2.2e+08
2.2e+08
2.2e+08
2.2e+08
2.2e+08
2.2e+08
2.2e+08
2.25e+08
2.25e+08
2.25e+08
2.25e+08
2.25e+08
2.25e+08
2.3e+08
2.3e+08
2.3e+08
2.3e+08
2.3e+08
2.3e+08
2.3e+08
2.3e+08
2.35e+08
2.35e+08
2.35e+08
2.35e+08
2.35e+08
2.35e+08
2.4e+08
2.4e+08
2.4e+08
2.4e+08
2.4e+08
2.4e+08
2.4e+08
2.4e+08
2.45e+08
2.45e+08
2.45e+08
2.45e+08
2.45e+08
2.45e+08
2.5e+08
2.5e+08
2.5e+08
2.5e+08
2.5e+08
2.5e+08
2.5e+08
2.5e+08
2.55e+08
2.55e+08
2.55e+08
2.55e+08
2.55e+08
2.55e+08
2.6e+08
2.6e+08
2.6e+08
2.6e+08
2.6e+08
2.6e+08
2.6e+08
2.6e+08
2.6e+08
2.65e+08
2.65e+08
2.65e+08
2.65e+08
2.65e+08
2.7e+08
2.7e+08
2.7e+08
2.7e+08
2.7e+08
2.7e+08
2.7e+08
2.7e+08
2.7e+08
2.75e+08
2.75e+08
2.75e+08
2.75e+08
2.75e+08
2.8e+08
2.8e+08
2.8e+08
2.8e+08
2.8e+08
2.8e+08
2.8e+08
2.8e+08
2.8e+08
2.85e+08
2.85e+08
2.85e+08
2.85e+08
2.85e+08
2.85e+08
2.9e+08
2.9e+08
2.9e+08
2.9e+08
2.9e+08
2.9e+08
2.9e+08
2.9e+08
2.95e+08
2.95e+08
2.95e+08
2.95e+08
2.95e+08
2.95e+08
3e+08
3e+08
3e+08
3e+08
3e+08
3e+08
3e+08
3e+08
3.05e+08
3.05e+08
3.05e+08
3.05e+08
3.05e+08
3.05e+08
3.1e+08
3.1e+08
3.1e+08
3.1e+08
3.1e+08
3.1e+08
3.1e+08
3.1e+08
3.1e+08
3.15e+08
3.15e+08
3.15e+08
3.15e+08
3.15e+08
3.2e+08
3.2e+08
3.2e+08
3.2e+08
3.2e+08
3.2e+08
3.2e+08
3.2e+08
3.2e+08
3.25e+08
3.25e+08
3.25e+08
3.25e+08
3.25e+08
3.25e+08
3.3e+08
3.3e+08
3.3e+08
3.3e+08
3.3e+08
3.3e+08
3.3e+08
3.3e+08
3.35e+08
3.35e+08
3.35e+08
3.35e+08
3.35e+08
3.35e+08
3.4e+08
3.4e+08
3.4e+08
3.4e+08
3.4e+08
3.4e+08
3.4e+08
3.4e+08
3.45e+08
3.45e+08
3.45e+08
3.45e+08
3.45e+08
3.45e+08
3.5e+08
3.5e+08
3.5e+08
3.5e+08
3.5e+08
3.5e+08
3.5e+08
3.5e+08
3.5e+08
3.55e+08
3.55e+08
3.55e+08
3.55e+08
3.55e+08
3.6e+08
3.6e+08
3.6e+08
3.6e+08
3.6e+08
3.6e+08
3.6e+08
3.6e+08
3.6e+08
3.65e+08
3.65e+08
3.65e+08
3.65e+08
3.65e+08
3.7e+08
3.7e+08
3.7e+08
3.7e+08
3.7e+08
3.7e+08
3.7e+08
3.7e+08
3.7e+08
3.75e+08
3.75e+08
3.75e+08
3.75e+08
3.75e+08
3.75e+08
3.8e+08
3.8e+08
3.8e+08
3.8e+08
3.8e+08
3.8e+08
3.8e+08
3.8e+08
3.85e+08
3.85e+08
3.85e+08
3.85e+08
3.85e+08
3.85e+08
3.9e+08
3.9e+08
3.9e+08
3.9e+08
3.9e+08
3.9e+08
3.9e+08
3.9e+08
3.95e+08
3.95e+08
3.95e+08
3.95e+08
3.95e+08
3.95e+08
4e+08
4e+08
4e+08
4e+08
4e+08
4e+08
4e+08
4e+08
4e+08
4.05e+08
4.05e+08
4.05e+08
4.05e+08
4.05e+08
4.05e+08
4.05e+08
4.05e+08
4.1e+08
4.1e+08
4.1e+08
4.1e+08
4.1e+08
4.1e+08
4.1e+08
4.1e+08
4.1e+08
4.15e+08
4.15e+08
4.15e+08
4.2e+08
4.2e+08
4.2e+08
4.2e+08
4.2e+08
4.2e+08
4.2e+08
4.2e+08
4.2e+08
4.2e+08
4.2e+08
4.25e+08
4.25e+08
4.25e+08
4.25e+08
4.25e+08
4.25e+08
4.3e+08
4.3e+08
4.3e+08
4.3e+08
4.3e+08
4.3e+08
4.3e+08
4.3e+08
4.35e+08
4.35e+08
4.35e+08
4.35e+08
4.35e+08
4.35e+08
4.4e+08
4.4e+08
4.4e+08
4.4e+08
4.4e+08
4.4e+08
4.45e+08
4.45e+08
4.45e+08
4.45e+08
4.45e+08
4.45e+08
4.45e+08
4.45e+08
4.5e+08
4.5e+08
4.5e+08
4.5e+08
4.5e+08
4.5e+08
4.5e+08
4.5e+08
4.5e+08
4.55e+08
4.55e+08
4.55e+08
4.55e+08
4.55e+08
4.6e+08
4.6e+08
4.6e+08
4.6e+08
4.6e+08
4.6e+08
4.6e+08
4.6e+08
4.6e+08
4.65e+08
4.65e+08
4.65e+08
4.65e+08
4.65e+08
4.65e+08
4.7e+08
4.7e+08
4.7e+08
4.7e+08
4.7e+08
4.7e+08
4.7e+08
4.7e+08
4.75e+08
4.75e+08
4.75e+08
4.75e+08
4.75e+08
4.75e+08
4.8e+08
4.8e+08
4.8e+08
4.8e+08
4.8e+08
4.8e+08
4.8e+08
4.8e+08
4.85e+08
4.85e+08
4.85e+08
4.85e+08
4.85e+08
4.85e+08
4.9e+08
4.9e+08
4.9e+08
4.9e+08
4.9e+08
4.9e+08
4.9e+08
4.9e+08
4.9e+08
4.95e+08
4.95e+08
4.95e+08
4.95e+08
4.95e+08
5e+08
5e+08
5e+08
5e+08
5e+08
5e+08
5e+08
5e+08
5e+08
5.05e+08
5.05e+08
5.05e+08
5.1e+08
5.1e+08
5.1e+08
5.1e+08
5.1e+08
5.1e+08
5.1e+08
5.1e+08
5.1e+08
5.1e+08
5.1e+08
5.15e+08
5.15e+08
5.15e+08
5.15e+08
5.15e+08
5.15e+08
5.2e+08
5.2e+08
5.2e+08
5.2e+08
5.2e+08
5.2e+08
5.2e+08
5.2e+08
5.25e+08
5.25e+08
5.25e+08
5.25e+08
5.25e+08
5.25e+08
5.3e+08
5.3e+08
5.3e+08
5.3e+08
5.3e+08
5.3e+08
5.3e+08
5.3e+08
5.35e+08
5.35e+08
5.35e+08
5.35e+08
5.35e+08
5.35e+08
5.4e+08
5.4e+08
5.4e+08
5.4e+08
5.4e+08
5.4e+08
5.4e+08
5.4e+08
5.45e+08
5.45e+08
5.45e+08
5.45e+08
5.45e+08
5.45e+08
5.5e+08
5.5e+08
5.5e+08
5.5e+08
5.5e+08
5.5e+08
5.55e+08
5.55e+08
5.55e+08
5.55e+08
5.55e+08
5.55e+08
5.55e+08
5.55e+08
5.6e+08
5.6e+08
5.6e+08
5.6e+08
5.6e+08
5.6e+08
5.6e+08
5.6e+08
5.6e+08
5.65e+08
5.65e+08
5.65e+08
5.65e+08
5.65e+08
5.7e+08
5.7e+08
5.7e+08
5.7e+08
5.7e+08
5.7e+08
5.7e+08
5.7e+08
5.7e+08
5.75e+08
5.75e+08
5.75e+08
5.8e+08
5.8e+08
5.8e+08
5.8e+08
5.8e+08
5.8e+08
5.8e+08
5.8e+08
5.8e+08
5.8e+08
5.8e+08
5.85e+08
5.85e+08
5.85e+08
5.85e+08
5.85e+08
5.85e+08
5.9e+08
5.9e+08
5.9e+08
5.9e+08
5.9e+08
5.9e+08
5.95e+08
5.95e+08
5.95e+08
5.95e+08
5.95e+08
5.95e+08
5.95e+08
5.95e+08
6e+08
6e+08
6e+08
6e+08
6e+08
6e+08
6e+08
6e+08
6e+08
6.05e+08
6.05e+08
6.05e+08
6.05e+08
6.05e+08
6.1e+08
6.1e+08
6.1e+08
6.1e+08
6.1e+08
6.1e+08
6.15e+08
6.15e+08
6.15e+08
6.15e+08
6.15e+08
6.15e+08
6.2e+08
6.2e+08
6.2e+08
6.2e+08
6.2e+08
6.2e+08
6.2e+08
6.2e+08
6.2e+08
6.2e+08
6.2e+08
6.25e+08
6.25e+08
6.25e+08
6.25e+08
6.25e+08
6.25e+08
6.3e+08
6.3e+08
6.3e+08
6.3e+08
6.3e+08
6.3e+08
6.3e+08
6.3e+08
6.35e+08
6.35e+08
6.35e+08
6.35e+08
6.35e+08
6.35e+08
6.4e+08
6.4e+08
6.4e+08
6.4e+08
6.4e+08
6.4e+08
6.45e+08
6.45e+08
6.45e+08
6.45e+08
6.45e+08
6.45e+08
6.45e+08
6.45e+08
6.5e+08
6.5e+08
6.5e+08
6.5e+08
6.5e+08
6.5e+08
6.5e+08
6.5e+08
6.5e+08
6.55e+08
6.55e+08
6.55e+08
6.55e+08
6.55e+08
6.6e+08
6.6e+08
6.6e+08
6.6e+08
6.6e+08
6.6e+08
6.65e+08
6.65e+08
6.65e+08
6.65e+08
6.65e+08
6.65e+08
6.7e+08
6.7e+08
6.7e+08
6.7e+08
6.7e+08
6.7e+08
6.7e+08
6.7e+08
6.7e+08
6.7e+08
6.7e+08
6.75e+08
6.75e+08
6.75e+08
6.75e+08
6.75e+08
6.75e+08
6.8e+08
6.8e+08
6.8e+08
6.8e+08
6.8e+08
6.8e+08
6.8e+08
6.8e+08
6.85e+08
6.85e+08
6.85e+08
6.9e+08
6.9e+08
6.9e+08
6.9e+08
6.9e+08
6.9e+08
6.9e+08
6.9e+08
6.9e+08
6.9e+08
6.9e+08
6.95e+08
6.95e+08
6.95e+08
6.95e+08
6.95e+08
6.95e+08
7e+08
7e+08
7e+08
7e+08
7e+08
7e+08
7e+08
7e+08
7e+08
7.05e+08
7.05e+08
7.05e+08
7.05e+08
7.05e+08
7.05e+08
7.05e+08
7.05e+08
7.1e+08
7.1e+08
7.1e+08
7.1e+08
7.1e+08
7.1e+08
7.1e+08
7.1e+08
7.1e+08
7.1e+08
7.1e+08
7.1e+08
7.1e+08
7.1e+08
7.1e+08
7.1e+08
7.1e+08
7.15e+08
7.15e+08
7.15e+08
7.15e+08
7.15e+08
7.15e+08
7.15e+08
7.15e+08
7.15e+08
7.15e+08
7.15e+08
7.2e+08
7.2e+08
7.2e+08
7.2e+08
7.2e+08
7.2e+08
7.2e+08
7.2e+08
7.2e+08
7.2e+08
7.2e+08
7.2e+08
7.2e+08
7.2e+08
7.2e+08
7.2e+08
7.2e+08
7.25e+08
7.25e+08
7.25e+08
7.25e+08
7.25e+08
7.25e+08
7.25e+08
7.25e+08
7.25e+08
7.25e+08
7.25e+08
7.3e+08
7.3e+08
7.3e+08
7.3e+08
7.3e+08
7.3e+08
7.3e+08
7.3e+08
7.3e+08
7.3e+08
7.3e+08
7.3e+08
7.3e+08
7.3e+08
7.3e+08
7.3e+08
7.3e+08
7.35e+08
7.35e+08
7.35e+08
7.35e+08
7.35e+08
7.35e+08
7.4e+08
7.4e+08
7.4e+08
7.4e+08
7.4e+08
7.4e+08
7.4e+08
7.4e+08
7.4e+08
7.4e+08
7.4e+08
7.4e+08
7.4e+08
7.4e+08
7.4e+08
7.4e+08
7.4e+08
7.4e+08
7.4e+08
7.4e+08
7.4e+08
7.4e+08
7.45e+08
7.45e+08
7.45e+08
7.45e+08
7.45e+08
7.45e+08
7.5e+08
7.5e+08
7.5e+08
7.5e+08
7.5e+08
7.5e+08
7.5e+08
7.5e+08
7.5e+08
7.5e+08
7.5e+08
7.5e+08
7.5e+08
7.5e+08
7.5e+08
7.5e+08
7.5e+08
7.55e+08
7.55e+08
7.55e+08
7.55e+08
7.55e+08
7.55e+08
7.55e+08
7.55e+08
7.55e+08
7.55e+08
7.55e+08
7.6e+08
7.6e+08
7.6e+08
7.6e+08
7.6e+08
7.6e+08
7.6e+08
7.6e+08
7.6e+08
7.6e+08
7.6e+08
7.6e+08
7.6e+08
7.6e+08
7.6e+08
7.6e+08
7.6e+08
7.65e+08
7.65e+08
7.65e+08
7.65e+08
7.65e+08
7.65e+08
7.65e+08
7.65e+08
7.65e+08
7.65e+08
7.65e+08
7.65e+08
7.65e+08
7.65e+08
7.65e+08
7.65e+08
7.65e+08
7.65e+08
7.65e+08
7.65e+08
7.65e+08
7.65e+08
7.7e+08
7.7e+08
7.7e+08
7.7e+08
7.7e+08
7.7e+08
7.7e+08
7.7e+08
7.7e+08
7.7e+08
7.7e+08
7.7e+08
7.7e+08
7.7e+08
7.7e+08
7.7e+08
7.7e+08
7.75e+08
7.75e+08
7.75e+08
7.75e+08
7.75e+08
7.75e+08
7.8e+08
7.8e+08
7.8e+08
7.8e+08
7.8e+08
7.8e+08
7.8e+08
7.8e+08
7.8e+08
7.8e+08
7.8e+08
7.8e+08
7.8e+08
7.8e+08
7.8e+08
7.8e+08
7.8e+08
7.8e+08
7.8e+08
7.8e+08
7.8e+08
7.8e+08
7.85e+08
7.85e+08
7.85e+08
7.85e+08
7.85e+08
7.85e+08
7.9e+08
7.9e+08
7.9e+08
7.9e+08
7.9e+08
7.9e+08
7.9e+08
7.9e+08
7.9e+08
7.9e+08
7.9e+08
7.9e+08
7.9e+08
7.9e+08
7.9e+08
7.9e+08
7.9e+08
7.95e+08
7.95e+08
7.95e+08
7.95e+08
7.95e+08
7.95e+08
7.95e+08
7.95e+08
7.95e+08
7.95e+08
7.95e+08
8e+08
8e+08
8e+08
8e+08
8e+08
8e+08
8e+08
8e+08
8e+08
8e+08
8e+08
8e+08
8e+08
8e+08
8e+08
8e+08
8e+08
8.05e+08
8.05e+08
8.05e+08
8.05e+08
8.05e+08
8.05e+08
8.05e+08
8.05e+08
8.05e+08
8.05e+08
8.05e+08
8.05e+08
8.05e+08
8.05e+08
8.05e+08
8.05e+08
8.05e+08
8.1e+08
8.1e+08
8.1e+08
8.1e+08
8.1e+08
8.1e+08
8.1e+08
8.1e+08
8.1e+08
8.1e+08
8.1e+08
8.15e+08
8.15e+08
8.15e+08
8.15e+08
8.15e+08
8.15e+08
8.15e+08
8.15e+08
8.15e+08
8.15e+08
8.15e+08
8.15e+08
8.15e+08
8.15e+08
8.15e+08
8.15e+08
8.15e+08
8.2e+08
8.2e+08
8.2e+08
8.2e+08
8.2e+08
8.2e+08
8.2e+08
8.2e+08
8.2e+08
8.2e+08
8.2e+08
8.2e+08
8.2e+08
8.2e+08
8.2e+08
8.2e+08
8.2e+08
8.25e+08
8.25e+08
8.25e+08
8.25e+08
8.25e+08
8.25e+08
8.25e+08
8.25e+08
8.25e+08
8.25e+08
8.25e+08
8.3e+08
8.3e+08
8.3e+08
8.3e+08
8.3e+08
8.3e+08
8.3e+08
8.3e+08
8.3e+08
8.3e+08
8.3e+08
8.3e+08
8.3e+08
8.3e+08
8.3e+08
8.3e+08
8.3e+08
8.35e+08
8.35e+08
8.35e+08
8.35e+08
8.35e+08
8.35e+08
8.35e+08
8.35e+08
8.35e+08
8.35e+08
8.35e+08
8.4e+08
8.4e+08
8.4e+08
8.4e+08
8.4e+08
8.4e+08
8.4e+08
8.4e+08
8.4e+08
8.4e+08
8.4e+08
8.4e+08
8.4e+08
8.4e+08
8.4e+08
8.4e+08
8.4e+08
8.45e+08
8.45e+08
8.45e+08
8.45e+08
8.45e+08
8.45e+08
8.45e+08
8.45e+08
8.45e+08
8.45e+08
8.45e+08
8.5e+08
8.5e+08
8.5e+08
8.5e+08
8.5e+08
8.5e+08
8.5e+08
8.5e+08
8.5e+08
8.5e+08
8.5e+08
8.5e+08
8.5e+08
8.5e+08
8.5e+08
8.5e+08
8.5e+08
8.55e+08
8.55e+08
8.55e+08
8.55e+08
8.55e+08
8.55e+08
8.6e+08
8.6e+08
8.6e+08
8.6e+08
8.6e+08
8.6e+08
8.6e+08
8.6e+08
8.6e+08
8.6e+08
8.6e+08
8.6e+08
8.6e+08
8.6e+08
8.6e+08
8.6e+08
8.6e+08
8.6e+08
8.6e+08
8.6e+08
8.6e+08
8.6e+08
8.65e+08
8.65e+08
8.65e+08
8.65e+08
8.65e+08
8.65e+08
8.7e+08
8.7e+08
8.7e+08
8.7e+08
8.7e+08
8.7e+08
8.7e+08
8.7e+08
8.7e+08
8.7e+08
8.7e+08
8.7e+08
8.7e+08
8.7e+08
8.7e+08
8.7e+08
8.7e+08
8.7e+08
8.7e+08
8.7e+08
8.7e+08
8.7e+08
8.75e+08
8.75e+08
8.75e+08
8.75e+08
8.75e+08
8.75e+08
8.8e+08
8.8e+08
8.8e+08
8.8e+08
8.8e+08
8.8e+08
8.8e+08
8.8e+08
8.8e+08
8.8e+08
8.8e+08
8.85e+08
8.85e+08
8.85e+08
8.85e+08
8.85e+08
8.85e+08
8.85e+08
8.85e+08
8.85e+08
8.85e+08
8.85e+08
8.85e+08
8.85e+08
8.85e+08
8.85e+08
8.85e+08
8.85e+08
8.9e+08
8.9e+08
8.9e+08
8.9e+08
8.9e+08
8.9e+08
8.95e+08
8.95e+08
8.95e+08
8.95e+08
8.95e+08
8.95e+08
8.95e+08
8.95e+08
8.95e+08
8.95e+08
8.95e+08
8.95e+08
8.95e+08
8.95e+08
8.95e+08
8.95e+08
8.95e+08
8.95e+08
8.95e+08
8.95e+08
8.95e+08
8.95e+08
9e+08
9e+08
9e+08
9e+08
9e+08
9e+08
9.05e+08
9.05e+08
9.05e+08
9.05e+08
9.05e+08
9.05e+08
9.05e+08
9.05e+08
9.05e+08
9.05e+08
9.05e+08
9.05e+08
9.05e+08
9.05e+08
9.05e+08
9.05e+08
9.05e+08
9.1e+08
9.1e+08
9.1e+08
9.1e+08
9.1e+08
9.1e+08
9.1e+08
9.1e+08
9.1e+08
9.1e+08
9.1e+08
9.15e+08
9.15e+08
9.15e+08
9.15e+08
9.15e+08
9.15e+08
9.15e+08
9.15e+08
9.15e+08
9.15e+08
9.15e+08
9.15e+08
9.15e+08
9.15e+08
9.15e+08
9.15e+08
9.15e+08
9.2e+08
9.2e+08
9.2e+08
9.2e+08
9.2e+08
9.2e+08
9.2e+08
9.2e+08
9.2e+08
9.2e+08
9.2e+08
9.2e+08
9.2e+08
9.2e+08
9.2e+08
9.2e+08
9.2e+08
9.25e+08
9.25e+08
9.25e+08
9.25e+08
9.25e+08
9.25e+08
9.25e+08
9.25e+08
9.25e+08
9.25e+08
9.25e+08
9.3e+08
9.3e+08
9.3e+08
9.3e+08
9.3e+08
9.3e+08
9.3e+08
9.3e+08
9.3e+08
9.3e+08
9.3e+08
9.3e+08
9.3e+08
9.3e+08
9.3e+08
9.3e+08
9.3e+08
9.35e+08
9.35e+08
9.35e+08
9.35e+08
9.35e+08
9.35e+08
9.35e+08
9.35e+08
9.35e+08
9.35e+08
9.35e+08
9.35e+08
9.35e+08
9.35e+08
9.35e+08
9.35e+08
9.35e+08
9.4e+08
9.4e+08
9.4e+08
9.4e+08
9.4e+08
9.4e+08
9.4e+08
9.4e+08
9.4e+08
9.4e+08
9.4e+08
9.45e+08
9.45e+08
9.45e+08
9.45e+08
9.45e+08
9.45e+08
9.45e+08
9.45e+08
9.45e+08
9.45e+08
9.45e+08
9.45e+08
9.45e+08
9.45e+08
9.45e+08
9.45e+08
9.45e+08
9.5e+08
9.5e+08
9.5e+08
9.5e+08
9.5e+08
9.5e+08
9.5e+08
9.5e+08
9.5e+08
9.5e+08
9.5e+08
9.55e+08
9.55e+08
9.55e+08
9.55e+08
9.55e+08
9.55e+08
9.55e+08
9.55e+08
9.55e+08
9.55e+08
9.55e+08
9.55e+08
9.55e+08
9.55e+08
9.55e+08
9.55e+08
9.55e+08
9.6e+08
9.6e+08
9.6e+08
9.6e+08
9.6e+08
9.6e+08
9.6e+08
9.6e+08
9.6e+08
9.6e+08
9.6e+08
9.6e+08
9.65e+08
9.65e+08
9.65e+08
9.65e+08
9.65e+08
9.65e+08
9.65e+08
9.65e+08
9.65e+08
9.65e+08
9.65e+08
9.7e+08
9.7e+08
9.7e+08
9.7e+08
9.7e+08
9.7e+08
9.7e+08
9.7e+08
9.7e+08
9.7e+08
9.7e+08
9.75e+08
9.75e+08
9.75e+08
9.75e+08
9.75e+08
9.75e+08
9.75e+08
9.75e+08
9.75e+08
9.75e+08
9.75e+08
9.75e+08
9.75e+08
9.75e+08
9.75e+08
9.75e+08
9.75e+08
9.75e+08
9.75e+08
9.75e+08
9.75e+08
9.75e+08
9.75e+08
9.8e+08
9.8e+08
9.8e+08
9.8e+08
9.8e+08
9.8e+08
9.8e+08
9.8e+08
9.8e+08
9.8e+08
9.8e+08
9.85e+08
9.85e+08
9.85e+08
9.85e+08
9.85e+08
9.85e+08
9.85e+08
9.85e+08
9.85e+08
9.85e+08
9.85e+08
9.9e+08
9.9e+08
9.9e+08
9.9e+08
9.9e+08
9.9e+08
9.9e+08
9.9e+08
9.9e+08
9.9e+08
9.9e+08
9.95e+08
9.95e+08
9.95e+08
9.95e+08
9.95e+08
9.95e+08
9.95e+08
9.95e+08
9.95e+08
9.95e+08
9.95e+08
9.95e+08
9.95e+08
9.95e+08
9.95e+08
9.95e+08
9.95e+08
9.95e+08
9.95e+08
9.95e+08
9.95e+08
9.95e+08
9.95e+08
1e+09
1e+09
1e+09
1e+09
1e+09
1e+09
1e+09
1e+09
1e+09
1e+09
1e+09
1.005e+09
1.005e+09
1.005e+09
1.005e+09
1.005e+09
1.005e+09
1.005e+09
1.005e+09
1.005e+09
1.005e+09
1.005e+09
1.005e+09
1.005e+09
1.005e+09
1.005e+09
1.005e+09
1.005e+09
1.01e+09
1.01e+09
1.01e+09
1.01e+09
1.01e+09
1.01e+09
1.01e+09
1.01e+09
1.01e+09
1.01e+09
1.01e+09
1.015e+09
1.015e+09
1.015e+09
1.015e+09
1.015e+09
1.015e+09
1.015e+09
1.015e+09
1.015e+09
1.015e+09
1.015e+09
1.015e+09
1.015e+09
1.015e+09
1.015e+09
1.015e+09
1.015e+09
1.02e+09
1.02e+09
1.02e+09
1.02e+09
1.02e+09
1.02e+09
1.02e+09
1.02e+09
1.02e+09
1.02e+09
1.02e+09
1.02e+09
1.02e+09
1.02e+09
1.02e+09
1.02e+09
1.02e+09
1.025e+09
1.025e+09
1.025e+09
1.025e+09
1.025e+09
1.025e+09
1.025e+09
1.025e+09
1.025e+09
1.025e+09
1.025e+09
1.03e+09
1.03e+09
1.03e+09
1.03e+09
1.03e+09
1.03e+09
1.03e+09
1.03e+09
1.03e+09
1.03e+09
1.03e+09
1.035e+09
1.035e+09
1.035e+09
1.035e+09
1.035e+09
1.035e+09
1.035e+09
1.035e+09
1.035e+09
1.035e+09
1.035e+09
1.035e+09
1.035e+09
1.035e+09
1.035e+09
1.035e+09
1.035e+09
1.035e+09
1.035e+09
1.035e+09
1.035e+09
1.035e+09
1.035e+09
1.04e+09
1.04e+09
1.04e+09
1.04e+09
1.04e+09
1.04e+09
1.04e+09
1.04e+09
1.04e+09
1.04e+09
1.04e+09
1.045e+09
1.045e+09
1.045e+09
1.045e+09
1.045e+09
1.045e+09
1.045e+09
1.045e+09
1.045e+09
1.045e+09
1.045e+09
1.045e+09
1.045e+09
1.045e+09
1.045e+09
1.045e+09
1.045e+09
1.05e+09
1.05e+09
1.05e+09
1.05e+09
1.05e+09
1.05e+09
1.05e+09
1.05e+09
1.05e+09
1.05e+09
1.05e+09
1.055e+09
1.055e+09
1.055e+09
1.055e+09
1.055e+09
1.055e+09
1.055e+09
1.055e+09
1.055e+09
1.055e+09
1.055e+09
1.055e+09
1.055e+09
1.055e+09
1.055e+09
1.055e+09
1.055e+09
1.06e+09
1.06e+09
1.06e+09
1.06e+09
1.06e+09
1.06e+09
1.06e+09
1.06e+09
1.06e+09
1.06e+09
1.06e+09
1.065e+09
1.065e+09
1.065e+09
1.065e+09
1.065e+09
1.065e+09
1.065e+09
1.065e+09
1.065e+09
1.065e+09
1.065e+09
1.065e+09
1.065e+09
1.065e+09
1.065e+09
1.065e+09
1.065e+09
1.065e+09
1.065e+09
1.065e+09
1.065e+09
1.065e+09
1.065e+09
1.065e+09
1.065e+09
1.065e+09
1.065e+09
1.065e+09
1.07e+09
1.07e+09
1.07e+09
1.07e+09
1.07e+09
1.07e+09
1.07e+09
1.07e+09
1.07e+09
1.07e+09
1.07e+09
1.07e+09
1.07e+09
1.07e+09
1.07e+09
1.07e+09
1.075e+09
1.075e+09
1.075e+09
1.075e+09
1.075e+09
1.075e+09
1.075e+09
1.075e+09
1.075e+09
1.075e+09
1.075e+09
1.075e+09
1.08e+09
1.08e+09
1.08e+09
1.08e+09
1.08e+09
1.08e+09
1.08e+09
1.08e+09
1.08e+09
1.08e+09
1.08e+09
1.08e+09
1.08e+09
1.08e+09
1.08e+09
1.08e+09
1.085e+09
1.085e+09
1.085e+09
1.085e+09
1.085e+09
1.085e+09
1.085e+09
1.085e+09
1.085e+09
1.085e+09
1.085e+09
1.09e+09
1.09e+09
1.09e+09
1.09e+09
1.09e+09
1.09e+09
1.09e+09
1.09e+09
1.09e+09
1.09e+09
1.09e+09
1.09e+09
1.09e+09
1.09e+09
1.09e+09
1.09e+09
1.09e+09
1.095e+09
1.095e+09
1.095e+09
1.095e+09
1.095e+09
1.095e+09
1.095e+09
1.095e+09
1.095e+09
1.095e+09
1.095e+09
1.1e+09
1.1e+09
1.1e+09
1.1e+09
1.1e+09
1.1e+09
1.1e+09
1.1e+09
1.1e+09
1.1e+09
1.1e+09
1.1e+09
1.1e+09
1.1e+09
1.1e+09
1.1e+09
1.1e+09
1.105e+09
1.105e+09
1.105e+09
1.105e+09
1.105e+09
1.105e+09
1.105e+09
1.105e+09
1.105e+09
1.105e+09
1.105e+09
1.11e+09
1.11e+09
1.11e+09
1.11e+09
1.11e+09
1.11e+09
1.11e+09
1.11e+09
1.11e+09
1.11e+09
1.11e+09
1.11e+09
1.11e+09
1.11e+09
1.11e+09
1.11e+09
1.11e+09
1.115e+09
1.115e+09
1.115e+09
1.115e+09
1.115e+09
1.115e+09
1.115e+09
1.115e+09
1.115e+09
1.115e+09
1.115e+09
1.12e+09
1.12e+09
1.12e+09
1.12e+09
1.12e+09
1.12e+09
1.12e+09
1.12e+09
1.12e+09
1.12e+09
1.12e+09
1.12e+09
1.12e+09
1.12e+09
1.12e+09
1.12e+09
1.12e+09
1.125e+09
1.125e+09
1.125e+09
1.125e+09
1.125e+09
1.125e+09
1.125e+09
1.125e+09
1.125e+09
1.125e+09
1.125e+09
1.13e+09
1.13e+09
1.13e+09
1.13e+09
1.13e+09
1.13e+09
1.13e+09
1.13e+09
1.13e+09
1.13e+09
1.13e+09
1.13e+09
1.13e+09
1.13e+09
1.13e+09
1.13e+09
1.13e+09
1.13e+09
1.13e+09
1.13e+09
1.13e+09
1.13e+09
1.13e+09
1.13e+09
1.13e+09
1.13e+09
1.13e+09
1.13e+09
1.135e+09
1.135e+09
1.135e+09
1.135e+09
1.135e+09
1.135e+09
1.135e+09
1.135e+09
1.135e+09
1.135e+09
1.135e+09
1.135e+09
1.135e+09
1.135e+09
1.135e+09
1.135e+09
1.14e+09
1.14e+09
1.14e+09
1.14e+09
1.14e+09
1.14e+09
1.14e+09
1.14e+09
1.14e+09
1.14e+09
1.14e+09
1.14e+09
1.145e+09
1.145e+09
1.145e+09
1.145e+09
1.145e+09
1.145e+09
1.145e+09
1.145e+09
1.145e+09
1.145e+09
1.145e+09
1.145e+09
1.145e+09
1.145e+09
1.145e+09
1.145e+09
1.15e+09
1.15e+09
1.15e+09
1.15e+09
1.15e+09
1.15e+09
1.15e+09
1.15e+09
1.15e+09
1.15e+09
1.15e+09
1.155e+09
1.155e+09
1.155e+09
1.155e+09
1.155e+09
1.155e+09
1.155e+09
1.155e+09
1.155e+09
1.155e+09
1.155e+09
1.155e+09
1.155e+09
1.155e+09
1.155e+09
1.155e+09
1.155e+09
1.16e+09
1.16e+09
1.16e+09
1.16e+09
1.16e+09
1.16e+09
1.16e+09
1.16e+09
1.16e+09
1.16e+09
1.16e+09
1.165e+09
1.165e+09
1.165e+09
1.165e+09
1.165e+09
1.165e+09
1.165e+09
1.165e+09
1.165e+09
1.165e+09
1.165e+09
1.165e+09
1.165e+09
1.165e+09
1.165e+09
1.165e+09
1.165e+09
1.17e+09
1.17e+09
1.17e+09
1.17e+09
1.17e+09
1.17e+09
1.17e+09
1.17e+09
1.17e+09
1.17e+09
1.17e+09
1.175e+09
1.175e+09
1.175e+09
1.175e+09
1.175e+09
1.175e+09
1.175e+09
1.175e+09
1.175e+09
1.175e+09
1.175e+09
1.175e+09
1.175e+09
1.175e+09
1.175e+09
1.175e+09
1.175e+09
1.18e+09
1.18e+09
1.18e+09
1.18e+09
1.18e+09
1.18e+09
1.18e+09
1.18e+09
1.18e+09
1.18e+09
1.18e+09
1.185e+09
1.185e+09
1.185e+09
1.185e+09
1.185e+09
1.185e+09
1.185e+09
1.185e+09
1.185e+09
1.185e+09
1.185e+09
1.185e+09
1.185e+09
1.185e+09
1.185e+09
1.185e+09
1.185e+09
1.19e+09
1.19e+09
1.19e+09
1.19e+09
1.19e+09
1.19e+09
1.19e+09
1.19e+09
1.19e+09
1.19e+09
1.19e+09
1.195e+09
1.195e+09
1.195e+09
1.195e+09
1.195e+09
1.195e+09
1.195e+09
1.195e+09
1.195e+09
1.195e+09
1.195e+09
1.195e+09
1.195e+09
1.195e+09
1.195e+09
1.195e+09
1.195e+09
1.195e+09
1.195e+09
1.195e+09
1.195e+09
1.195e+09
1.195e+09
1.195e+09
1.195e+09
1.195e+09
1.195e+09
1.195e+09
1.2e+09
1.2e+09
1.2e+09
1.2e+09
1.2e+09
1.2e+09
1.2e+09
1.2e+09
1.2e+09
1.2e+09
1.2e+09
1.2e+09
1.2e+09
1.2e+09
1.2e+09
1.2e+09
1.205e+09
1.205e+09
1.205e+09
1.205e+09
1.205e+09
1.205e+09
1.205e+09
1.205e+09
1.205e+09
1.205e+09
1.205e+09
1.205e+09
1.205e+09
1.205e+09
1.205e+09
1.205e+09
1.205e+09
1.205e+09
1.205e+09
1.205e+09
1.205e+09
1.205e+09
1.205e+09
1.205e+09
1.205e+09
1.205e+09
1.205e+09
1.205e+09
1.21e+09
1.21e+09
1.21e+09
1.21e+09
1.21e+09
1.21e+09
1.21e+09
1.21e+09
1.21e+09
1.21e+09
1.21e+09
1.215e+09
1.215e+09
1.215e+09
1.215e+09
1.215e+09
1.215e+09
1.215e+09
1.215e+09
1.215e+09
1.215e+09
1.215e+09
1.215e+09
1.215e+09
1.215e+09
1.215e+09
1.215e+09
1.215e+09
1.22e+09
1.22e+09
1.22e+09
1.22e+09
1.22e+09
1.22e+09
1.22e+09
1.22e+09
1.22e+09
1.22e+09
1.22e+09
1.225e+09
1.225e+09
1.225e+09
1.225e+09
1.225e+09
1.225e+09
1.225e+09
1.225e+09
1.225e+09
1.225e+09
1.225e+09
1.225e+09
1.225e+09
1.225e+09
1.225e+09
1.225e+09
1.225e+09
1.23e+09
1.23e+09
1.23e+09
1.23e+09
1.23e+09
1.23e+09
1.23e+09
1.23e+09
1.23e+09
1.23e+09
1.23e+09
1.235e+09
1.235e+09
1.235e+09
1.235e+09
1.235e+09
1.235e+09
1.235e+09
1.235e+09
1.235e+09
1.235e+09
1.235e+09
1.235e+09
1.235e+09
1.235e+09
1.235e+09
1.235e+09
1.24e+09
1.24e+09
1.24e+09
1.24e+09
1.24e+09
1.24e+09
1.24e+09
1.24e+09
1.24e+09
1.24e+09
1.24e+09
1.245e+09
1.245e+09
1.245e+09
1.245e+09
1.245e+09
1.245e+09
1.245e+09
1.245e+09
1.245e+09
1.245e+09
1.245e+09
1.245e+09
1.245e+09
1.245e+09
1.245e+09
1.245e+09
1.245e+09
1.25e+09
1.25e+09
1.25e+09
1.25e+09
1.25e+09
1.25e+09
1.25e+09
1.25e+09
1.25e+09
1.25e+09
1.25e+09
1.255e+09
1.255e+09
1.255e+09
1.255e+09
1.255e+09
1.255e+09
1.255e+09
1.255e+09
1.255e+09
1.255e+09
1.255e+09
1.255e+09
1.255e+09
1.255e+09
1.255e+09
1.255e+09
1.255e+09
1.26e+09
1.26e+09
1.26e+09
1.26e+09
1.26e+09
1.26e+09
1.26e+09
1.26e+09
1.26e+09
1.26e+09
1.26e+09
1.265e+09
1.265e+09
1.265e+09
1.265e+09
1.265e+09
1.265e+09
1.265e+09
1.265e+09
1.265e+09
1.265e+09
1.265e+09
1.265e+09
1.265e+09
1.265e+09
1.265e+09
1.265e+09
1.265e+09
1.27e+09
1.27e+09
1.27e+09
1.27e+09
1.27e+09
1.27e+09
1.27e+09
1.27e+09
1.27e+09
1.27e+09
1.27e+09
1.275e+09
1.275e+09
1.275e+09
1.275e+09
1.275e+09
1.275e+09
1.275e+09
1.275e+09
1.275e+09
1.275e+09
1.275e+09
1.275e+09
1.275e+09
1.275e+09
1.275e+09
1.275e+09
1.275e+09
1.28e+09
1.28e+09
1.28e+09
1.28e+09
1.28e+09
1.28e+09
1.28e+09
1.28e+09
1.28e+09
1.28e+09
1.28e+09
1.285e+09
1.285e+09
1.285e+09
1.285e+09
1.285e+09
1.285e+09
1.285e+09
1.285e+09
1.285e+09
1.285e+09
1.285e+09
1.285e+09
1.285e+09
1.285e+09
1.285e+09
1.285e+09
1.29e+09
1.29e+09
1.29e+09
1.29e+09
1.29e+09
1.29e+09
1.29e+09
1.29e+09
1.29e+09
1.29e+09
1.29e+09
1.29e+09
1.295e+09
1.295e+09
1.295e+09
1.295e+09
1.295e+09
1.295e+09
1.295e+09
1.295e+09
1.295e+09
1.295e+09
1.295e+09
1.295e+09
1.295e+09
1.295e+09
1.295e+09
1.295e+09
1.3e+09
1.3e+09
1.3e+09
1.3e+09
1.3e+09
1.3e+09
1.3e+09
1.3e+09
1.3e+09
1.3e+09
1.3e+09
1.305e+09
1.305e+09
1.305e+09
1.305e+09
1.305e+09
1.305e+09
1.305e+09
1.305e+09
1.305e+09
1.305e+09
1.305e+09
1.305e+09
1.305e+09
1.305e+09
1.305e+09
1.305e+09
1.305e+09
1.31e+09
1.31e+09
1.31e+09
1.31e+09
1.31e+09
1.31e+09
1.31e+09
1.31e+09
1.31e+09
1.31e+09
1.31e+09
1.315e+09
1.315e+09
1.315e+09
1.315e+09
1.315e+09
1.315e+09
1.315e+09
1.315e+09
1.315e+09
1.315e+09
1.315e+09
1.315e+09
1.315e+09
1.315e+09
1.315e+09
1.315e+09
1.315e+09
1.32e+09
1.32e+09
1.32e+09
1.32e+09
1.32e+09
1.32e+09
1.32e+09
1.32e+09
1.32e+09
1.32e+09
1.32e+09
1.325e+09
1.325e+09
1.325e+09
1.325e+09
1.325e+09
1.325e+09
1.325e+09
1.325e+09
1.325e+09
1.325e+09
1.325e+09
1.325e+09
1.325e+09
1.325e+09
1.325e+09
1.325e+09
1.325e+09
1.33e+09
1.33e+09
1.33e+09
1.33e+09
1.33e+09
1.33e+09
1.33e+09
1.33e+09
1.33e+09
1.33e+09
1.33e+09
1.335e+09
1.335e+09
1.335e+09
1.335e+09
1.335e+09
1.335e+09
1.335e+09
1.335e+09
1.335e+09
1.335e+09
1.335e+09
1.335e+09
1.335e+09
1.335e+09
1.335e+09
1.335e+09
1.34e+09
1.34e+09
1.34e+09
1.34e+09
1.34e+09
1.34e+09
1.34e+09
1.34e+09
1.34e+09
1.34e+09
1.34e+09
1.34e+09
1.345e+09
1.345e+09
1.345e+09
1.345e+09
1.345e+09
1.345e+09
1.345e+09
1.345e+09
1.345e+09
1.345e+09
1.345e+09
1.345e+09
1.345e+09
1.345e+09
1.345e+09
1.345e+09
1.35e+09
1.35e+09
1.35e+09
1.35e+09
1.35e+09
1.35e+09
1.35e+09
1.35e+09
1.35e+09
1.35e+09
1.35e+09
1.355e+09
1.355e+09
1.355e+09
1.355e+09
1.355e+09
1.355e+09
1.355e+09
1.355e+09
1.355e+09
1.355e+09
1.355e+09
1.355e+09
1.355e+09
1.355e+09
1.355e+09
1.355e+09
1.355e+09
1.36e+09
1.36e+09
1.36e+09
1.36e+09
1.36e+09
1.36e+09
1.36e+09
1.36e+09
1.36e+09
1.36e+09
1.36e+09
1.365e+09
1.365e+09
1.365e+09
1.365e+09
1.365e+09
1.365e+09
1.365e+09
1.365e+09
1.365e+09
1.365e+09
1.365e+09
1.365e+09
1.365e+09
1.365e+09
1.365e+09
1.365e+09
1.365e+09
1.37e+09
1.37e+09
1.37e+09
1.37e+09
1.37e+09
1.37e+09
1.37e+09
1.37e+09
1.37e+09
1.37e+09
1.37e+09
1.375e+09
1.375e+09
1.375e+09
1.375e+09
1.375e+09
1.375e+09
1.375e+09
1.375e+09
1.375e+09
1.375e+09
1.375e+09
1.375e+09
1.375e+09
1.375e+09
1.375e+09
1.375e+09
1.375e+09
1.38e+09
1.38e+09
1.38e+09
1.38e+09
1.38e+09
1.38e+09
1.38e+09
1.38e+09
1.38e+09
1.38e+09
1.38e+09
1.385e+09
1.385e+09
1.385e+09
1.385e+09
1.385e+09
1.385e+09
1.385e+09
1.385e+09
1.385e+09
1.385e+09
1.385e+09
1.385e+09
1.385e+09
1.385e+09
1.385e+09
1.385e+09
1.385e+09
1.39e+09
1.39e+09
1.39e+09
1.39e+09
1.39e+09
1.39e+09
1.39e+09
1.39e+09
1.39e+09
1.39e+09
1.39e+09
1.395e+09
1.395e+09
1.395e+09
1.395e+09
1.395e+09
1.395e+09
1.395e+09
1.395e+09
1.395e+09
1.395e+09
1.395e+09
1.395e+09
1.395e+09
1.395e+09
1.395e+09
1.395e+09
1.395e+09
1.395e+09
1.395e+09
1.395e+09
1.395e+09
1.395e+09
1.395e+09
1.395e+09
1.395e+09
1.395e+09
1.395e+09
1.395e+09
1.4e+09
1.4e+09
1.4e+09
1.4e+09
1.4e+09
1.4e+09
1.4e+09
1.4e+09
1.4e+09
1.4e+09
1.4e+09
1.4e+09
1.4e+09
1.4e+09
1.4e+09
1.4e+09
1.405e+09
1.405e+09
1.405e+09
1.405e+09
1.405e+09
1.405e+09
1.405e+09
1.405e+09
1.405e+09
1.405e+09
1.405e+09
1.41e+09
1.41e+09
1.41e+09
1.41e+09
1.41e+09
1.41e+09
1.41e+09
1.41e+09
1.41e+09
1.41e+09
1.41e+09
1.41e+09
1.41e+09
1.41e+09
1.41e+09
1.41e+09
1.41e+09
1.415e+09
1.415e+09
1.415e+09
1.415e+09
1.415e+09
1.415e+09
1.415e+09
1.415e+09
1.415e+09
1.415e+09
1.415e+09
1.42e+09
1.42e+09
1.42e+09
1.42e+09
1.42e+09
1.42e+09
1.42e+09
1.42e+09
1.42e+09
1.42e+09
1.42e+09
1.42e+09
1.42e+09
1.42e+09
1.42e+09
1.42e+09
1.42e+09
1.425e+09
1.425e+09
1.425e+09
1.425e+09
1.425e+09
1.425e+09
1.425e+09
1.425e+09
1.425e+09
1.425e+09
1.425e+09
1.43e+09
1.43e+09
1.43e+09
1.43e+09
1.43e+09
1.43e+09
1.43e+09
1.43e+09
1.43e+09
1.43e+09
1.43e+09
1.43e+09
1.43e+09
1.43e+09
1.43e+09
1.43e+09
1.43e+09
1.435e+09
1.435e+09
1.435e+09
1.435e+09
1.435e+09
1.435e+09
1.435e+09
1.435e+09
1.435e+09
1.435e+09
1.435e+09
1.44e+09
1.44e+09
1.44e+09
1.44e+09
1.44e+09
1.44e+09
1.44e+09
1.44e+09
1.44e+09
1.44e+09
1.44e+09
1.44e+09
1.44e+09
1.44e+09
1.44e+09
1.44e+09
1.44e+09
1.445e+09
1.445e+09
1.445e+09
1.445e+09
1.445e+09
1.445e+09
1.445e+09
1.445e+09
1.445e+09
1.445e+09
1.445e+09
1.45e+09
1.45e+09
1.45e+09
1.45e+09
1.45e+09
1.45e+09
1.45e+09
1.45e+09
1.45e+09
1.45e+09
1.45e+09
1.45e+09
1.45e+09
1.45e+09
1.45e+09
1.45e+09
1.45e+09
1.455e+09
1.455e+09
1.455e+09
1.455e+09
1.455e+09
1.455e+09
1.455e+09
1.455e+09
1.455e+09
1.455e+09
1.455e+09
1.46e+09
1.46e+09
1.46e+09
1.46e+09
1.46e+09
1.46e+09
1.46e+09
1.46e+09
1.46e+09
1.46e+09
1.46e+09
1.46e+09
1.46e+09
1.46e+09
1.46e+09
1.46e+09
1.465e+09
1.465e+09
1.465e+09
1.465e+09
1.465e+09
1.465e+09
1.465e+09
1.465e+09
1.465e+09
1.465e+09
1.465e+09
1.47e+09
1.47e+09
1.47e+09
1.47e+09
1.47e+09
1.47e+09
1.47e+09
1.47e+09
1.47e+09
1.47e+09
1.47e+09
1.47e+09
1.47e+09
1.47e+09
1.47e+09
1.47e+09
1.47e+09
1.475e+09
1.475e+09
1.475e+09
1.475e+09
1.475e+09
1.475e+09
1.475e+09
1.475e+09
1.475e+09
1.475e+09
1.475e+09
1.48e+09
1.48e+09
1.48e+09
1.48e+09
1.48e+09
1.48e+09
1.48e+09
1.48e+09
1.48e+09
1.48e+09
1.48e+09
1.48e+09
1.48e+09
1.48e+09
1.48e+09
1.48e+09
1.48e+09
1.485e+09
1.485e+09
1.485e+09
1.485e+09
1.485e+09
1.485e+09
1.485e+09
1.485e+09
1.485e+09
1.485e+09
1.485e+09
1.49e+09
1.49e+09
1.49e+09
1.49e+09
1.49e+09
1.49e+09
1.49e+09
1.49e+09
1.49e+09
1.49e+09
1.49e+09
1.49e+09
1.49e+09
1.49e+09
1.49e+09
1.49e+09
1.49e+09
1.495e+09
1.495e+09
1.495e+09
1.495e+09
1.495e+09
1.495e+09
1.495e+09
1.495e+09
1.495e+09
1.495e+09
1.495e+09
1.5e+09
1.5e+09
1.5e+09
1.5e+09
1.5e+09
1.5e+09
1.5e+09
1.5e+09
1.5e+09
1.5e+09
1.5e+09
1.5e+09
1.5e+09
1.5e+09
1.5e+09
1.5e+09
1.5e+09
1.505e+09
1.505e+09
1.505e+09
1.505e+09
1.505e+09
1.505e+09
1.505e+09
1.505e+09
1.505e+09
1.505e+09
1.505e+09
1.505e+09
1.51e+09
1.51e+09
1.51e+09
1.51e+09
1.51e+09
1.51e+09
1.51e+09
1.51e+09
1.51e+09
1.51e+09
1.51e+09
1.51e+09
1.51e+09
1.51e+09
1.51e+09
1.51e+09
1.51e+09
1.51e+09
1.515e+09
1.515e+09
1.515e+09
1.515e+09
1.515e+09
1.515e+09
1.515e+09
1.515e+09
1.515e+09
1.515e+09
1.515e+09
1.515e+09
1.52e+09
1.52e+09
1.52e+09
1.52e+09
1.52e+09
1.52e+09
1.52e+09
1.52e+09
1.52e+09
1.52e+09
1.52e+09
1.52e+09
1.52e+09
1.52e+09
1.52e+09
1.52e+09
1.52e+09
1.52e+09
1.52e+09
1.525e+09
1.525e+09
1.525e+09
1.525e+09
1.525e+09
1.525e+09
1.525e+09
1.525e+09
1.525e+09
1.525e+09
1.525e+09
1.525e+09
1.53e+09
1.53e+09
1.53e+09
1.53e+09
1.53e+09
1.53e+09
1.53e+09
1.53e+09
1.53e+09
1.53e+09
1.53e+09
1.53e+09
1.53e+09
1.53e+09
1.53e+09
1.53e+09
1.53e+09
1.53e+09
1.535e+09
1.535e+09
1.535e+09
1.535e+09
1.535e+09
1.535e+09
1.535e+09
1.535e+09
1.535e+09
1.535e+09
1.535e+09
1.535e+09
1.54e+09
1.54e+09
1.54e+09
1.54e+09
1.54e+09
1.54e+09
1.54e+09
1.54e+09
1.54e+09
1.54e+09
1.54e+09
1.54e+09
1.54e+09
1.54e+09
1.54e+09
1.54e+09
1.54e+09
1.54e+09
1.545e+09
1.545e+09
1.545e+09
1.545e+09
1.545e+09
1.545e+09
1.545e+09
1.545e+09
1.545e+09
1.545e+09
1.545e+09
1.545e+09
1.545e+09
1.55e+09
1.55e+09
1.55e+09
1.55e+09
1.55e+09
1.55e+09
1.55e+09
1.55e+09
1.55e+09
1.55e+09
1.55e+09
1.55e+09
1.55e+09
1.55e+09
1.55e+09
1.55e+09
1.55e+09
1.55e+09
1.555e+09
1.555e+09
1.555e+09
1.555e+09
1.555e+09
1.555e+09
1.555e+09
1.555e+09
1.555e+09
1.555e+09
1.555e+09
1.555e+09
1.56e+09
1.56e+09
1.56e+09
1.56e+09
1.56e+09
1.56e+09
1.56e+09
1.56e+09
1.56e+09
1.56e+09
1.56e+09
1.56e+09
1.56e+09
1.56e+09
1.56e+09
1.56e+09
1.56e+09
1.56e+09
1.565e+09
1.565e+09
1.565e+09
1.565e+09
1.565e+09
1.565e+09
1.565e+09
1.565e+09
1.565e+09
1.565e+09
1.565e+09
1.565e+09
1.57e+09
1.57e+09
1.57e+09
1.57e+09
1.57e+09
1.57e+09
1.57e+09
1.57e+09
1.57e+09
1.57e+09
1.57e+09
1.57e+09
1.57e+09
1.57e+09
1.57e+09
1.57e+09
1.57e+09
1.57e+09
1.575e+09
1.575e+09
1.575e+09
1.575e+09
1.575e+09
1.575e+09
1.575e+09
1.575e+09
1.575e+09
1.575e+09
1.575e+09
1.575e+09
1.58e+09
1.58e+09
1.58e+09
1.58e+09
1.58e+09
1.58e+09
1.58e+09
1.58e+09
1.58e+09
1.58e+09
1.58e+09
1.58e+09
1.58e+09
1.58e+09
1.58e+09
1.58e+09
1.58e+09
1.58e+09
1.58e+09
1.585e+09
1.585e+09
1.585e+09
1.585e+09
1.585e+09
1.585e+09
1.585e+09
1.585e+09
1.585e+09
1.585e+09
1.585e+09
1.585e+09
1.59e+09
1.59e+09
1.59e+09
1.59e+09
1.59e+09
1.59e+09
1.59e+09
1.59e+09
1.59e+09
1.59e+09
1.59e+09
1.59e+09
1.59e+09
1.59e+09
1.59e+09
1.59e+09
1.59e+09
1.59e+09
1.595e+09
1.595e+09
1.595e+09
1.595e+09
1.595e+09
1.595e+09
1.595e+09
1.595e+09
1.595e+09
1.595e+09
1.595e+09
1.595e+09
1.6e+09
1.6e+09
1.6e+09
1.6e+09
1.6e+09
1.6e+09
1.6e+09
1.6e+09
1.6e+09
1.6e+09
1.6e+09
1.6e+09
1.6e+09
1.6e+09
1.6e+09
1.6e+09
1.6e+09
1.6e+09
1.605e+09
1.605e+09
1.605e+09
1.605e+09
1.605e+09
1.605e+09
1.61e+09
1.61e+09
1.61e+09
1.61e+09
1.61e+09
1.61e+09
1.61e+09
1.61e+09
1.61e+09
1.61e+09
1.61e+09
1.61e+09
1.615e+09
1.615e+09
1.615e+09
1.615e+09
1.615e+09
1.615e+09
1.615e+09
1.615e+09
1.615e+09
1.615e+09
1.615e+09
1.615e+09
1.615e+09
1.615e+09
1.615e+09
1.615e+09
1.615e+09
1.615e+09
1.62e+09
1.62e+09
1.62e+09
1.62e+09
1.62e+09
1.62e+09
1.62e+09
1.62e+09
1.62e+09
1.62e+09
1.62e+09
1.62e+09
1.625e+09
1.625e+09
1.625e+09
1.625e+09
1.625e+09
1.625e+09
1.625e+09
1.625e+09
1.625e+09
1.625e+09
1.625e+09
1.625e+09
1.625e+09
1.625e+09
1.625e+09
1.625e+09
1.625e+09
1.625e+09
1.625e+09
1.63e+09
1.63e+09
1.63e+09
1.63e+09
1.63e+09
1.63e+09
1.63e+09
1.63e+09
1.63e+09
1.63e+09
1.63e+09
1.63e+09
1.635e+09
1.635e+09
1.635e+09
1.635e+09
1.635e+09
1.635e+09
1.635e+09
1.635e+09
1.635e+09
1.635e+09
1.635e+09
1.635e+09
1.635e+09
1.635e+09
1.635e+09
1.635e+09
1.635e+09
1.635e+09
1.64e+09
1.64e+09
1.64e+09
1.64e+09
1.64e+09
1.64e+09
1.64e+09
1.64e+09
1.64e+09
1.64e+09
1.64e+09
1.64e+09
1.645e+09
1.645e+09
1.645e+09
1.645e+09
1.645e+09
1.645e+09
1.645e+09
1.645e+09
1.645e+09
1.645e+09
1.645e+09
1.645e+09
1.645e+09
1.645e+09
1.645e+09
1.645e+09
1.645e+09
1.645e+09
1.65e+09
1.65e+09
1.65e+09
1.65e+09
1.65e+09
1.65e+09
1.65e+09
1.65e+09
1.65e+09
1.65e+09
1.65e+09
1.65e+09
1.655e+09
1.655e+09
1.655e+09
1.655e+09
1.655e+09
1.655e+09
1.655e+09
1.655e+09
1.655e+09
1.655e+09
1.655e+09
1.655e+09
1.655e+09
1.655e+09
1.655e+09
1.655e+09
1.655e+09
1.655e+09
1.66e+09
1.66e+09
1.66e+09
1.66e+09
1.66e+09
1.66e+09
1.66e+09
1.66e+09
1.66e+09
1.66e+09
1.66e+09
1.66e+09
1.665e+09
1.665e+09
1.665e+09
1.665e+09
1.665e+09
1.665e+09
1.665e+09
1.665e+09
1.665e+09
1.665e+09
1.665e+09
1.665e+09
1.665e+09
1.665e+09
1.665e+09
1.665e+09
1.665e+09
1.665e+09
1.665e+09
1.67e+09
1.67e+09
1.67e+09
1.67e+09
1.67e+09
1.67e+09
1.67e+09
1.67e+09
1.67e+09
1.67e+09
1.67e+09
1.67e+09
1.675e+09
1.675e+09
1.675e+09
1.675e+09
1.675e+09
1.675e+09
1.675e+09
1.675e+09
1.675e+09
1.675e+09
1.675e+09
1.675e+09
1.675e+09
1.675e+09
1.675e+09
1.675e+09
1.675e+09
1.675e+09
1.68e+09
1.68e+09
1.68e+09
1.68e+09
1.68e+09
1.68e+09
1.68e+09
1.68e+09
1.68e+09
1.68e+09
1.68e+09
1.68e+09
1.685e+09
1.685e+09
1.685e+09
1.685e+09
1.685e+09
1.685e+09
1.685e+09
1.685e+09
1.685e+09
1.685e+09
1.685e+09
1.685e+09
1.685e+09
1.685e+09
1.685e+09
1.685e+09
1.685e+09
1.685e+09
1.69e+09
1.69e+09
1.69e+09
1.69e+09
1.69e+09
1.69e+09
1.69e+09
1.69e+09
1.69e+09
1.69e+09
1.69e+09
1.69e+09
1.695e+09
1.695e+09
1.695e+09
1.695e+09
1.695e+09
1.695e+09
1.695e+09
1.695e+09
1.695e+09
1.695e+09
1.695e+09
1.695e+09
1.695e+09
1.695e+09
1.695e+09
1.695e+09
1.695e+09
1.695e+09
1.7e+09
1.7e+09
1.7e+09
1.7e+09
1.7e+09
1.7e+09
1.7e+09
1.7e+09
1.7e+09
1.7e+09
1.7e+09
1.7e+09
1.7e+09
1.705e+09
1.705e+09
1.705e+09
1.705e+09
1.705e+09
1.705e+09
1.705e+09
1.705e+09
1.705e+09
1.705e+09
1.705e+09
1.705e+09
1.705e+09
1.705e+09
1.705e+09
1.705e+09
1.705e+09
1.705e+09
1.71e+09
1.71e+09
1.71e+09
1.71e+09
1.71e+09
1.71e+09
1.71e+09
1.71e+09
1.71e+09
1.71e+09
1.71e+09
1.71e+09
1.715e+09
1.715e+09
1.715e+09
1.715e+09
1.715e+09
1.715e+09
1.715e+09
1.715e+09
1.715e+09
1.715e+09
1.715e+09
1.715e+09
1.715e+09
1.715e+09
1.715e+09
1.715e+09
1.715e+09
1.715e+09
1.72e+09
1.72e+09
1.72e+09
1.72e+09
1.72e+09
1.72e+09
1.72e+09
1.72e+09
1.72e+09
1.72e+09
1.72e+09
1.72e+09
1.725e+09
1.725e+09
1.725e+09
1.725e+09
1.725e+09
1.725e+09
1.725e+09
1.725e+09
1.725e+09
1.725e+09
1.725e+09
1.725e+09
1.725e+09
1.725e+09
1.725e+09
1.725e+09
1.725e+09
1.725e+09
1.73e+09
1.73e+09
1.73e+09
1.73e+09
1.73e+09
1.73e+09
1.73e+09
1.73e+09
1.73e+09
1.73e+09
1.73e+09
1.73e+09
1.735e+09
1.735e+09
1.735e+09
1.735e+09
1.735e+09
1.735e+09
1.735e+09
1.735e+09
1.735e+09
1.735e+09
1.735e+09
1.735e+09
1.735e+09
1.735e+09
1.735e+09
1.735e+09
1.735e+09
1.735e+09
1.735e+09
1.735e+09
1.735e+09
1.735e+09
1.735e+09
1.735e+09
1.735e+09
1.74e+09
1.74e+09
1.74e+09
1.74e+09
1.74e+09
1.74e+09
1.74e+09
1.74e+09
1.74e+09
1.74e+09
1.74e+09
1.74e+09
1.745e+09
1.745e+09
1.745e+09
1.745e+09
1.745e+09
1.745e+09
1.745e+09
1.745e+09
1.745e+09
1.745e+09
1.745e+09
1.745e+09
1.745e+09
1.745e+09
1.745e+09
1.745e+09
1.745e+09
1.745e+09
1.75e+09
1.75e+09
1.75e+09
1.75e+09
1.75e+09
1.75e+09
1.75e+09
1.75e+09
1.75e+09
1.75e+09
1.75e+09
1.75e+09
1.755e+09
1.755e+09
1.755e+09
1.755e+09
1.755e+09
1.755e+09
1.755e+09
1.755e+09
1.755e+09
1.755e+09
1.755e+09
1.755e+09
1.755e+09
1.755e+09
1.755e+09
1.755e+09
1.755e+09
1.755e+09
1.76e+09
1.76e+09
1.76e+09
1.76e+09
1.76e+09
1.76e+09
1.76e+09
1.76e+09
1.76e+09
1.76e+09
1.76e+09
1.76e+09
1.765e+09
1.765e+09
1.765e+09
1.765e+09
1.765e+09
1.765e+09
1.765e+09
1.765e+09
1.765e+09
1.765e+09
1.765e+09
1.765e+09
1.765e+09
1.765e+09
1.765e+09
1.765e+09
1.765e+09
1.765e+09
1.77e+09
1.77e+09
1.77e+09
1.77e+09
1.77e+09
1.77e+09
1.77e+09
1.77e+09
1.77e+09
1.77e+09
1.77e+09
1.77e+09
1.77e+09
1.775e+09
1.775e+09
1.775e+09
1.775e+09
1.775e+09
1.775e+09
1.775e+09
1.775e+09
1.775e+09
1.775e+09
1.775e+09
1.775e+09
1.775e+09
1.775e+09
1.775e+09
1.775e+09
1.775e+09
1.775e+09
1.78e+09
1.78e+09
1.78e+09
1.78e+09
1.78e+09
1.78e+09
1.78e+09
1.78e+09
1.78e+09
1.78e+09
1.78e+09
1.78e+09
1.785e+09
1.785e+09
1.785e+09
1.785e+09
1.785e+09
1.785e+09
1.785e+09
1.785e+09
1.785e+09
1.785e+09
1.785e+09
1.785e+09
1.785e+09
1.785e+09
1.785e+09
1.785e+09
1.785e+09
1.785e+09
1.79e+09
1.79e+09
1.79e+09
1.79e+09
1.79e+09
1.79e+09
1.79e+09
1.79e+09
1.79e+09
1.79e+09
1.79e+09
1.79e+09
1.795e+09
1.795e+09
1.795e+09
1.795e+09
1.795e+09
1.795e+09
1.795e+09
1.795e+09
1.795e+09
1.795e+09
1.795e+09
1.795e+09
1.795e+09
1.795e+09
1.795e+09
1.795e+09
1.795e+09
1.795e+09
1.8e+09
1.8e+09
1.8e+09
1.8e+09
1.8e+09
1.8e+09
1.8e+09
1.8e+09
1.8e+09
1.8e+09
1.8e+09
1.8e+09
1.8e+09
1.8e+09
1.8e+09
1.8e+09
1.8e+09
1.8e+09
1.8e+09
1.8e+09
1.8e+09
1.8e+09
1.8e+09
1.8e+09
1.8e+09
1.8e+09
1.8e+09
1.8e+09
1.8e+09
1.8e+09
1.8e+09
1.805e+09
1.805e+09
1.805e+09
1.805e+09
1.805e+09
1.805e+09
1.805e+09
1.805e+09
1.805e+09
1.805e+09
1.805e+09
1.805e+09
1.81e+09
1.81e+09
1.81e+09
1.81e+09
1.81e+09
1.81e+09
1.81e+09
1.81e+09
1.81e+09
1.81e+09
1.81e+09
1.81e+09
1.81e+09
1.81e+09
1.81e+09
1.81e+09
1.81e+09
1.81e+09
1.815e+09
1.815e+09
1.815e+09
1.815e+09
1.815e+09
1.815e+09
1.815e+09
1.815e+09
1.815e+09
1.815e+09
1.815e+09
1.815e+09
1.82e+09
1.82e+09
1.82e+09
1.82e+09
1.82e+09
1.82e+09
1.82e+09
1.82e+09
1.82e+09
1.82e+09
1.82e+09
1.82e+09
1.82e+09
1.82e+09
1.82e+09
1.82e+09
1.82e+09
1.82e+09
1.825e+09
1.825e+09
1.825e+09
1.825e+09
1.825e+09
1.825e+09
1.825e+09
1.825e+09
1.825e+09
1.825e+09
1.825e+09
1.825e+09
1.825e+09
1.83e+09
1.83e+09
1.83e+09
1.83e+09
1.83e+09
1.83e+09
1.83e+09
1.83e+09
1.83e+09
1.83e+09
1.83e+09
1.83e+09
1.83e+09
1.83e+09
1.83e+09
1.83e+09
1.83e+09
1.83e+09
1.83e+09
1.83e+09
1.83e+09
1.83e+09
1.83e+09
1.83e+09
1.835e+09
1.835e+09
1.835e+09
1.835e+09
1.835e+09
1.835e+09
1.835e+09
1.835e+09
1.835e+09
1.835e+09
1.835e+09
1.835e+09
1.84e+09
1.84e+09
1.84e+09
1.84e+09
1.84e+09
1.84e+09
1.84e+09
1.84e+09
1.84e+09
1.84e+09
1.84e+09
1.84e+09
1.84e+09
1.84e+09
1.84e+09
1.84e+09
1.84e+09
1.84e+09
1.845e+09
1.845e+09
1.845e+09
1.845e+09
1.845e+09
1.845e+09
1.845e+09
1.845e+09
1.845e+09
1.845e+09
1.845e+09
1.845e+09
1.85e+09
1.85e+09
1.85e+09
1.85e+09
1.85e+09
1.85e+09
1.85e+09
1.85e+09
1.85e+09
1.85e+09
1.85e+09
1.85e+09
1.85e+09
1.85e+09
1.85e+09
1.85e+09
1.85e+09
1.85e+09
1.855e+09
1.855e+09
1.855e+09
1.855e+09
1.855e+09
1.855e+09
1.855e+09
1.855e+09
1.855e+09
1.855e+09
1.855e+09
1.855e+09
1.86e+09
1.86e+09
1.86e+09
1.86e+09
1.86e+09
1.86e+09
1.86e+09
1.86e+09
1.86e+09
1.86e+09
1.86e+09
1.86e+09
1.86e+09
1.86e+09
1.86e+09
1.86e+09
1.86e+09
1.86e+09
1.86e+09
1.865e+09
1.865e+09
1.865e+09
1.865e+09
1.865e+09
1.865e+09
1.865e+09
1.865e+09
1.865e+09
1.865e+09
1.865e+09
1.865e+09
1.87e+09
1.87e+09
1.87e+09
1.87e+09
1.87e+09
1.87e+09
1.87e+09
1.87e+09
1.87e+09
1.87e+09
1.87e+09
1.87e+09
1.87e+09
1.87e+09
1.87e+09
1.87e+09
1.87e+09
1.87e+09
1.875e+09
1.875e+09
1.875e+09
1.875e+09
1.875e+09
1.875e+09
1.875e+09
1.875e+09
1.875e+09
1.875e+09
1.875e+09
1.875e+09
1.88e+09
1.88e+09
1.88e+09
1.88e+09
1.88e+09
1.88e+09
1.88e+09
1.88e+09
1.88e+09
1.88e+09
1.88e+09
1.88e+09
1.88e+09
1.88e+09
1.88e+09
1.88e+09
1.88e+09
1.88e+09
1.885e+09
1.885e+09
1.885e+09
1.885e+09
1.885e+09
1.885e+09
1.885e+09
1.885e+09
1.885e+09
1.885e+09
1.885e+09
1.885e+09
1.89e+09
1.89e+09
1.89e+09
1.89e+09
1.89e+09
1.89e+09
1.89e+09
1.89e+09
1.89e+09
1.89e+09
1.89e+09
1.89e+09
1.89e+09
1.89e+09
1.89e+09
1.89e+09
1.89e+09
1.89e+09
1.895e+09
1.895e+09
1.895e+09
1.895e+09
1.895e+09
1.895e+09
1.895e+09
1.895e+09
1.895e+09
1.895e+09
1.895e+09
1.895e+09
1.9e+09
1.9e+09
1.9e+09
1.9e+09
1.9e+09
1.9e+09
1.9e+09
1.9e+09
1.9e+09
1.9e+09
1.9e+09
1.9e+09
1.9e+09
1.9e+09
1.9e+09
1.9e+09
1.9e+09
1.9e+09
1.9e+09
1.905e+09
1.905e+09
1.905e+09
1.905e+09
1.905e+09
1.905e+09
1.905e+09
1.905e+09
1.905e+09
1.905e+09
1.905e+09
1.905e+09
1.91e+09
1.91e+09
1.91e+09
1.91e+09
1.91e+09
1.91e+09
1.91e+09
1.91e+09
1.91e+09
1.91e+09
1.91e+09
1.91e+09
1.91e+09
1.91e+09
1.91e+09
1.91e+09
1.91e+09
1.91e+09
1.915e+09
1.915e+09
1.915e+09
1.915e+09
1.915e+09
1.915e+09
1.915e+09
1.915e+09
1.915e+09
1.915e+09
1.915e+09
1.915e+09
1.92e+09
1.92e+09
1.92e+09
1.92e+09
1.92e+09
1.92e+09
1.92e+09
1.92e+09
1.92e+09
1.92e+09
1.92e+09
1.92e+09
1.92e+09
1.92e+09
1.92e+09
1.92e+09
1.92e+09
1.92e+09
1.925e+09
1.925e+09
1.925e+09
1.925e+09
1.925e+09
1.925e+09
1.925e+09
1.925e+09
1.925e+09
1.925e+09
1.925e+09
1.925e+09
1.93e+09
1.93e+09
1.93e+09
1.93e+09
1.93e+09
1.93e+09
1.93e+09
1.93e+09
1.93e+09
1.93e+09
1.93e+09
1.93e+09
1.93e+09
1.93e+09
1.93e+09
1.93e+09
1.93e+09
1.93e+09
1.935e+09
1.935e+09
1.935e+09
1.935e+09
1.935e+09
1.935e+09
1.935e+09
1.935e+09
1.935e+09
1.935e+09
1.935e+09
1.935e+09
1.94e+09
1.94e+09
1.94e+09
1.94e+09
1.94e+09
1.94e+09
1.94e+09
1.94e+09
1.94e+09
1.94e+09
1.94e+09
1.94e+09
1.94e+09
1.94e+09
1.94e+09
1.94e+09
1.94e+09
1.94e+09
1.94e+09
1.945e+09
1.945e+09
1.945e+09
1.945e+09
1.945e+09
1.945e+09
1.945e+09
1.945e+09
1.945e+09
1.945e+09
1.945e+09
1.945e+09
1.95e+09
1.95e+09
1.95e+09
1.95e+09
1.95e+09
1.95e+09
1.95e+09
1.95e+09
1.95e+09
1.95e+09
1.95e+09
1.95e+09
1.95e+09
1.95e+09
1.95e+09
1.95e+09
1.95e+09
1.95e+09
1.955e+09
1.955e+09
1.955e+09
1.955e+09
1.955e+09
1.955e+09
1.955e+09
1.955e+09
1.955e+09
1.955e+09
1.955e+09
1.955e+09
1.96e+09
1.96e+09
1.96e+09
1.96e+09
1.96e+09
1.96e+09
1.96e+09
1.96e+09
1.96e+09
1.96e+09
1.96e+09
1.96e+09
1.96e+09
1.96e+09
1.96e+09
1.96e+09
1.96e+09
1.96e+09
1.965e+09
1.965e+09
1.965e+09
1.965e+09
1.965e+09
1.965e+09
1.965e+09
1.965e+09
1.965e+09
1.965e+09
1.965e+09
1.965e+09
1.97e+09
1.97e+09
1.97e+09
1.97e+09
1.97e+09
1.97e+09
1.975e+09
1.975e+09
1.975e+09
1.975e+09
1.975e+09
1.975e+09
1.975e+09
1.975e+09
1.975e+09
1.975e+09
1.975e+09
1.975e+09
1.975e+09
1.975e+09
1.975e+09
1.975e+09
1.975e+09
1.975e+09
1.98e+09
1.98e+09
1.98e+09
1.98e+09
1.98e+09
1.98e+09
1.98e+09
1.98e+09
1.98e+09
1.98e+09
1.98e+09
1.98e+09
1.985e+09
1.985e+09
1.985e+09
1.985e+09
1.985e+09
1.985e+09
1.985e+09
1.985e+09
1.985e+09
1.985e+09
1.985e+09
1.985e+09
1.985e+09
1.985e+09
1.985e+09
1.985e+09
1.985e+09
1.985e+09
1.99e+09
1.99e+09
1.99e+09
1.99e+09
1.99e+09
1.99e+09
1.99e+09
1.99e+09
1.99e+09
1.99e+09
1.99e+09
1.99e+09
1.995e+09
1.995e+09
1.995e+09
1.995e+09
1.995e+09
1.995e+09
1.995e+09
1.995e+09
1.995e+09
1.995e+09
1.995e+09
1.995e+09
1.995e+09
1.995e+09
1.995e+09
2.01e+09
2.01e+09
2.01e+09
2.015e+09
2.02e+09
2.02e+09
2.02e+09
2.02e+09
2.02e+09
2.02e+09
2.02e+09
2.02e+09
2.025e+09
2.025e+09
2.025e+09
2.025e+09
2.03e+09
2.03e+09
2.035e+09
2.035e+09
2.045e+09
2.045e+09
2.045e+09
2.045e+09
2.045e+09
2.045e+09
2.045e+09
2.045e+09
2.045e+09
2.045e+09
2.045e+09
2.045e+09
2.045e+09
2.045e+09
2.05e+09
2.05e+09
2.05e+09
2.05e+09
2.05e+09
2.05e+09
2.05e+09
2.05e+09
2.05e+09
2.05e+09
2.05e+09
2.05e+09
2.05e+09
2.05e+09
2.055e+09
2.055e+09
2.055e+09
2.055e+09
2.055e+09
2.055e+09
2.055e+09
2.055e+09
2.055e+09
2.055e+09
2.055e+09
2.055e+09
2.06e+09
2.06e+09
2.06e+09
2.06e+09
2.06e+09
2.06e+09
2.06e+09
2.06e+09
2.06e+09
2.06e+09
2.06e+09
2.06e+09
2.06e+09
2.06e+09
2.06e+09
2.06e+09
2.06e+09
2.06e+09
2.065e+09
2.065e+09
2.065e+09
2.065e+09
2.065e+09
2.065e+09
2.065e+09
2.065e+09
2.065e+09
2.065e+09
2.065e+09
2.065e+09
2.07e+09
2.07e+09
2.07e+09
2.07e+09
2.07e+09
2.07e+09
2.07e+09
2.07e+09
2.07e+09
2.07e+09
2.07e+09
2.07e+09
2.07e+09
2.07e+09
2.07e+09
2.07e+09
2.07e+09
2.07e+09
2.075e+09
2.075e+09
2.075e+09
2.075e+09
2.075e+09
2.075e+09
2.075e+09
2.075e+09
2.075e+09
2.075e+09
2.075e+09
2.075e+09
2.08e+09
2.08e+09
2.08e+09
2.08e+09
2.08e+09
2.08e+09
2.08e+09
2.08e+09
2.08e+09
2.08e+09
2.08e+09
2.08e+09
2.08e+09
2.08e+09
2.08e+09
2.08e+09
2.08e+09
2.08e+09
2.085e+09
2.085e+09
2.085e+09
2.085e+09
2.085e+09
2.085e+09
2.085e+09
2.085e+09
2.085e+09
2.085e+09
2.085e+09
2.085e+09
2.09e+09
2.09e+09
2.09e+09
2.09e+09
2.09e+09
2.09e+09
2.09e+09
2.09e+09
2.09e+09
2.09e+09
2.09e+09
2.09e+09
2.09e+09
2.09e+09
2.09e+09
2.09e+09
2.09e+09
2.09e+09
2.09e+09
2.095e+09
2.095e+09
2.095e+09
2.095e+09
2.095e+09
2.095e+09
2.095e+09
2.095e+09
2.095e+09
2.095e+09
2.095e+09
2.095e+09
2.1e+09
2.1e+09
2.1e+09
2.1e+09
2.1e+09
2.1e+09
2.1e+09
2.1e+09
2.1e+09
2.1e+09
2.1e+09
2.1e+09
2.1e+09
2.1e+09
2.1e+09
2.1e+09
2.1e+09
2.1e+09
2.105e+09
2.105e+09
2.105e+09
2.105e+09
2.105e+09
2.105e+09
2.105e+09
2.105e+09
2.105e+09
2.105e+09
2.105e+09
2.105e+09
2.11e+09
2.11e+09
2.11e+09
2.11e+09
2.11e+09
2.11e+09
2.11e+09
2.11e+09
2.11e+09
2.11e+09
2.11e+09
2.11e+09
2.11e+09
2.11e+09
2.11e+09
2.11e+09
2.11e+09
2.11e+09
2.115e+09
2.115e+09
2.115e+09
2.115e+09
2.115e+09
2.115e+09
2.115e+09
2.115e+09
2.115e+09
2.115e+09
2.115e+09
2.115e+09
2.12e+09
2.12e+09
2.12e+09
2.12e+09
2.12e+09
2.12e+09
2.12e+09
2.12e+09
2.12e+09
2.12e+09
2.12e+09
2.12e+09
2.12e+09
2.12e+09
2.12e+09
2.12e+09
2.12e+09
2.12e+09
2.125e+09
2.125e+09
2.125e+09
2.125e+09
2.125e+09
2.125e+09
2.125e+09
2.125e+09
2.125e+09
2.125e+09
2.125e+09
2.125e+09
2.13e+09
2.13e+09
2.13e+09
2.13e+09
2.13e+09
2.13e+09
2.13e+09
2.13e+09
2.13e+09
2.13e+09
2.13e+09
2.13e+09
2.13e+09
2.13e+09
2.13e+09
2.13e+09
2.13e+09
2.13e+09
2.13e+09
2.13e+09
2.13e+09
2.13e+09
2.13e+09
2.13e+09
2.13e+09
2.135e+09
2.135e+09
2.135e+09
2.135e+09
2.135e+09
2.135e+09
2.135e+09
2.135e+09
2.135e+09
2.135e+09
2.135e+09
2.135e+09
2.14e+09
2.14e+09
2.14e+09
2.14e+09
2.14e+09
2.14e+09
2.14e+09
2.14e+09
2.14e+09
2.14e+09
2.14e+09
2.14e+09
2.14e+09
2.14e+09
2.14e+09
2.14e+09
2.14e+09
2.14e+09
2.145e+09
2.145e+09
2.145e+09
2.145e+09
2.145e+09
2.145e+09
2.145e+09
2.145e+09
2.145e+09
2.145e+09
2.145e+09
2.145e+09
2.15e+09
2.15e+09
2.15e+09
2.15e+09
2.15e+09
2.15e+09
2.15e+09
2.15e+09
2.15e+09
2.15e+09
2.15e+09
2.15e+09
2.15e+09
2.15e+09
2.15e+09
2.15e+09
2.15e+09
2.15e+09
2.155e+09
2.155e+09
2.155e+09
2.155e+09
2.155e+09
2.155e+09
2.155e+09
2.155e+09
2.155e+09
2.155e+09
2.155e+09
2.155e+09
2.16e+09
2.16e+09
2.16e+09
2.16e+09
2.16e+09
2.16e+09
2.16e+09
2.16e+09
2.16e+09
2.16e+09
2.16e+09
2.16e+09
2.16e+09
2.16e+09
2.16e+09
2.16e+09
2.16e+09
2.16e+09
2.165e+09
2.165e+09
2.165e+09
2.165e+09
2.165e+09
2.165e+09
2.165e+09
2.165e+09
2.165e+09
2.165e+09
2.165e+09
2.165e+09
2.17e+09
2.17e+09
2.17e+09
2.17e+09
2.17e+09
2.17e+09
2.17e+09
2.17e+09
2.17e+09
2.17e+09
2.17e+09
2.17e+09
2.17e+09
2.17e+09
2.17e+09
2.17e+09
2.17e+09
2.17e+09
2.17e+09
2.175e+09
2.175e+09
2.175e+09
2.175e+09
2.175e+09
2.175e+09
2.175e+09
2.175e+09
2.175e+09
2.175e+09
2.175e+09
2.175e+09
2.175e+09
2.175e+09
2.175e+09
2.175e+09
2.175e+09
2.175e+09
2.175e+09
2.175e+09
2.175e+09
2.175e+09
2.175e+09
2.175e+09
2.175e+09
2.175e+09
2.175e+09
2.175e+09
2.175e+09
2.175e+09
2.18e+09
2.18e+09
2.18e+09
2.18e+09
2.18e+09
2.18e+09
2.185e+09
2.185e+09
2.185e+09
2.185e+09
2.185e+09
2.185e+09
2.185e+09
2.185e+09
2.185e+09
2.185e+09
2.185e+09
2.185e+09
2.19e+09
2.19e+09
2.19e+09
2.19e+09
2.19e+09
2.19e+09
2.19e+09
2.19e+09
2.19e+09
2.19e+09
2.19e+09
2.19e+09
2.19e+09
2.19e+09
2.19e+09
2.19e+09
2.19e+09
2.19e+09
2.195e+09
2.195e+09
2.195e+09
2.195e+09
2.195e+09
2.195e+09
2.195e+09
2.195e+09
2.195e+09
2.195e+09
2.195e+09
2.195e+09
2.2e+09
2.2e+09
2.2e+09
2.2e+09
2.2e+09
2.2e+09
2.2e+09
2.2e+09
2.2e+09
2.2e+09
2.2e+09
2.2e+09
2.2e+09
2.2e+09
2.2e+09
2.2e+09
2.2e+09
2.2e+09
2.205e+09
2.205e+09
2.205e+09
2.205e+09
2.205e+09
2.205e+09
2.205e+09
2.205e+09
2.205e+09
2.205e+09
2.205e+09
2.205e+09
2.21e+09
2.21e+09
2.21e+09
2.21e+09
2.21e+09
2.21e+09
2.21e+09
2.21e+09
2.21e+09
2.21e+09
2.21e+09
2.21e+09
2.21e+09
2.21e+09
2.21e+09
2.21e+09
2.21e+09
2.21e+09
2.215e+09
2.215e+09
2.215e+09
2.215e+09
2.215e+09
2.215e+09
2.215e+09
2.215e+09
2.215e+09
2.215e+09
2.215e+09
2.215e+09
2.22e+09
2.22e+09
2.22e+09
2.22e+09
2.22e+09
2.22e+09
2.22e+09
2.22e+09
2.22e+09
2.22e+09
2.22e+09
2.22e+09
2.22e+09
2.22e+09
2.22e+09
2.22e+09
2.22e+09
2.22e+09
2.225e+09
2.225e+09
2.225e+09
2.225e+09
2.225e+09
2.225e+09
2.225e+09
2.225e+09
2.225e+09
2.225e+09
2.225e+09
2.225e+09
2.23e+09
2.23e+09
2.23e+09
2.23e+09
2.23e+09
2.23e+09
2.23e+09
2.23e+09
2.23e+09
2.23e+09
2.23e+09
2.23e+09
2.23e+09
2.23e+09
2.23e+09
2.23e+09
2.23e+09
2.23e+09
2.235e+09
2.235e+09
2.235e+09
2.235e+09
2.235e+09
2.235e+09
2.235e+09
2.235e+09
2.235e+09
2.235e+09
2.235e+09
2.235e+09
2.235e+09
2.235e+09
2.235e+09
2.235e+09
2.235e+09
2.235e+09
2.235e+09
2.235e+09
2.235e+09
2.235e+09
2.235e+09
2.235e+09
2.235e+09
2.235e+09
2.235e+09
2.235e+09
2.235e+09
2.235e+09
2.235e+09
2.24e+09
2.24e+09
2.24e+09
2.24e+09
2.24e+09
2.24e+09
2.24e+09
2.24e+09
2.24e+09
2.24e+09
2.24e+09
2.24e+09
2.245e+09
2.245e+09
2.245e+09
2.245e+09
2.245e+09
2.245e+09
2.245e+09
2.245e+09
2.245e+09
2.245e+09
2.245e+09
2.245e+09
2.245e+09
2.245e+09
2.245e+09
2.245e+09
2.245e+09
2.245e+09
2.25e+09
2.25e+09
2.25e+09
2.25e+09
2.25e+09
2.25e+09
2.25e+09
2.25e+09
2.25e+09
2.25e+09
2.25e+09
2.25e+09
2.25e+09
2.25e+09
2.25e+09
2.25e+09
2.25e+09
2.25e+09
2.255e+09
2.255e+09
2.255e+09
2.255e+09
2.255e+09
2.255e+09
2.255e+09
2.255e+09
2.255e+09
2.255e+09
2.255e+09
2.255e+09
2.255e+09
2.255e+09
2.255e+09
2.255e+09
2.255e+09
2.255e+09
2.26e+09
2.26e+09
2.26e+09
2.26e+09
2.26e+09
2.26e+09
2.26e+09
2.26e+09
2.26e+09
2.26e+09
2.26e+09
2.26e+09
2.265e+09
2.265e+09
2.265e+09
2.265e+09
2.265e+09
2.265e+09
2.265e+09
2.265e+09
2.265e+09
2.265e+09
2.265e+09
2.265e+09
2.265e+09
2.265e+09
2.265e+09
2.265e+09
2.265e+09
2.265e+09
2.27e+09
2.27e+09
2.27e+09
2.27e+09
2.27e+09
2.27e+09
2.27e+09
2.27e+09
2.27e+09
2.27e+09
2.27e+09
2.27e+09
2.275e+09
2.275e+09
2.275e+09
2.275e+09
2.275e+09
2.275e+09
2.275e+09
2.275e+09
2.275e+09
2.275e+09
2.275e+09
2.275e+09
2.275e+09
2.275e+09
2.275e+09
2.275e+09
2.275e+09
2.275e+09
2.28e+09
2.28e+09
2.28e+09
2.28e+09
2.28e+09
2.28e+09
2.28e+09
2.28e+09
2.28e+09
2.28e+09
2.28e+09
2.28e+09
2.285e+09
2.285e+09
2.285e+09
2.285e+09
2.285e+09
2.285e+09
2.285e+09
2.285e+09
2.285e+09
2.285e+09
2.285e+09
2.285e+09
2.285e+09
2.285e+09
2.285e+09
2.285e+09
2.285e+09
2.285e+09
2.29e+09
2.29e+09
2.29e+09
2.29e+09
2.29e+09
2.29e+09
2.29e+09
2.29e+09
2.29e+09
2.29e+09
2.29e+09
2.29e+09
2.29e+09
2.29e+09
2.29e+09
2.29e+09
2.29e+09
2.29e+09
2.29e+09
2.29e+09
2.29e+09
2.29e+09
2.29e+09
2.29e+09
2.29e+09
2.29e+09
2.29e+09
2.29e+09
2.29e+09
2.29e+09
2.29e+09
2.295e+09
2.295e+09
2.295e+09
2.295e+09
2.295e+09
2.295e+09
2.295e+09
2.295e+09
2.295e+09
2.295e+09
2.295e+09
2.295e+09
2.3e+09
2.3e+09
2.3e+09
2.3e+09
2.3e+09
2.3e+09
2.3e+09
2.3e+09
2.3e+09
2.3e+09
2.3e+09
2.3e+09
2.3e+09
2.3e+09
2.3e+09
2.3e+09
2.3e+09
2.3e+09
2.305e+09
2.305e+09
2.305e+09
2.305e+09
2.305e+09
2.305e+09
2.305e+09
2.305e+09
2.305e+09
2.305e+09
2.305e+09
2.305e+09
2.31e+09
2.31e+09
2.31e+09
2.31e+09
2.31e+09
2.31e+09
2.31e+09
2.31e+09
2.31e+09
2.31e+09
2.31e+09
2.31e+09
2.31e+09
2.31e+09
2.31e+09
2.31e+09
2.31e+09
2.31e+09
2.315e+09
2.315e+09
2.315e+09
2.315e+09
2.315e+09
2.315e+09
2.315e+09
2.315e+09
2.315e+09
2.315e+09
2.315e+09
2.315e+09
2.32e+09
2.32e+09
2.32e+09
2.32e+09
2.32e+09
2.32e+09
2.32e+09
2.32e+09
2.32e+09
2.32e+09
2.32e+09
2.32e+09
2.32e+09
2.32e+09
2.32e+09
2.32e+09
2.32e+09
2.32e+09
2.325e+09
2.325e+09
2.325e+09
2.325e+09
2.325e+09
2.325e+09
2.325e+09
2.325e+09
2.325e+09
2.325e+09
2.325e+09
2.325e+09
2.33e+09
2.33e+09
2.33e+09
2.33e+09
2.33e+09
2.33e+09
2.33e+09
2.33e+09
2.33e+09
2.33e+09
2.33e+09
2.33e+09
2.33e+09
2.33e+09
2.33e+09
2.33e+09
2.33e+09
2.33e+09
2.335e+09
2.335e+09
2.335e+09
2.335e+09
2.335e+09
2.335e+09
2.335e+09
2.335e+09
2.335e+09
2.335e+09
2.335e+09
2.335e+09
2.34e+09
2.34e+09
2.34e+09
2.34e+09
2.34e+09
2.34e+09
2.34e+09
2.34e+09
2.34e+09
2.34e+09
2.34e+09
2.34e+09
2.34e+09
2.34e+09
2.34e+09
2.34e+09
2.34e+09
2.34e+09
2.345e+09
2.345e+09
2.345e+09
2.345e+09
2.345e+09
2.345e+09
2.345e+09
2.345e+09
2.345e+09
2.345e+09
2.345e+09
2.345e+09
2.35e+09
2.35e+09
2.35e+09
2.35e+09
2.35e+09
2.35e+09
2.35e+09
2.35e+09
2.35e+09
2.35e+09
2.35e+09
2.35e+09
2.35e+09
2.35e+09
2.35e+09
2.35e+09
2.35e+09
2.35e+09
2.35e+09
2.355e+09
2.355e+09
2.355e+09
2.355e+09
2.355e+09
2.355e+09
2.355e+09
2.355e+09
2.355e+09
2.355e+09
2.355e+09
2.355e+09
2.36e+09
2.36e+09
2.36e+09
2.36e+09
2.36e+09
2.36e+09
2.36e+09
2.36e+09
2.36e+09
2.36e+09
2.36e+09
2.36e+09
2.36e+09
2.36e+09
2.36e+09
2.36e+09
2.36e+09
2.36e+09
2.365e+09
2.365e+09
2.365e+09
2.365e+09
2.365e+09
2.365e+09
2.365e+09
2.365e+09
2.365e+09
2.365e+09
2.365e+09
2.365e+09
2.37e+09
2.37e+09
2.37e+09
2.37e+09
2.37e+09
2.37e+09
2.37e+09
2.37e+09
2.37e+09
2.37e+09
2.37e+09
2.37e+09
2.37e+09
2.37e+09
2.37e+09
2.37e+09
2.37e+09
2.37e+09
2.375e+09
2.375e+09
2.375e+09
2.375e+09
2.375e+09
2.375e+09
2.375e+09
2.375e+09
2.375e+09
2.375e+09
2.375e+09
2.375e+09
2.38e+09
2.38e+09
2.38e+09
2.38e+09
2.38e+09
2.38e+09
2.38e+09
2.38e+09
2.38e+09
2.38e+09
2.38e+09
2.38e+09
2.38e+09
2.38e+09
2.38e+09
2.38e+09
2.38e+09
2.38e+09
2.385e+09
2.385e+09
2.385e+09
2.385e+09
2.385e+09
2.385e+09
2.385e+09
2.385e+09
2.385e+09
2.385e+09
2.385e+09
2.385e+09
2.39e+09
2.39e+09
2.39e+09
2.39e+09
2.39e+09
2.39e+09
2.39e+09
2.39e+09
2.39e+09
2.39e+09
2.39e+09
2.39e+09
2.39e+09
2.39e+09
2.39e+09
2.39e+09
2.39e+09
2.39e+09
2.395e+09
2.395e+09
2.395e+09
2.395e+09
2.395e+09
2.395e+09
2.395e+09
2.395e+09
2.395e+09
2.395e+09
2.395e+09
2.395e+09
2.4e+09
2.4e+09
2.4e+09
2.4e+09
2.4e+09
2.4e+09
2.4e+09
2.4e+09
2.4e+09
2.4e+09
2.4e+09
2.4e+09
2.4e+09
2.4e+09
2.4e+09
2.4e+09
2.4e+09
2.4e+09
2.405e+09
2.405e+09
2.405e+09
2.405e+09
2.405e+09
2.405e+09
2.405e+09
2.405e+09
2.405e+09
2.405e+09
2.405e+09
2.405e+09
2.41e+09
2.41e+09
2.41e+09
2.41e+09
2.41e+09
2.41e+09
2.41e+09
2.41e+09
2.41e+09
2.41e+09
2.41e+09
2.41e+09
2.41e+09
2.41e+09
2.41e+09
2.41e+09
2.41e+09
2.41e+09
2.415e+09
2.415e+09
2.415e+09
2.415e+09
2.415e+09
2.415e+09
2.415e+09
2.415e+09
2.415e+09
2.415e+09
2.415e+09
2.415e+09
2.42e+09
2.42e+09
2.42e+09
2.42e+09
2.42e+09
2.42e+09
2.42e+09
2.42e+09
2.42e+09
2.42e+09
2.42e+09
2.42e+09
2.42e+09
2.42e+09
2.42e+09
2.42e+09
2.42e+09
2.42e+09
2.425e+09
2.425e+09
2.425e+09
2.425e+09
2.425e+09
2.425e+09
2.425e+09
2.425e+09
2.425e+09
2.425e+09
2.425e+09
2.425e+09
2.43e+09
2.43e+09
2.43e+09
2.43e+09
2.43e+09
2.43e+09
2.43e+09
2.43e+09
2.43e+09
2.43e+09
2.43e+09
2.43e+09
2.43e+09
2.43e+09
2.43e+09
2.43e+09
2.43e+09
2.43e+09
2.43e+09
2.435e+09
2.435e+09
2.435e+09
2.435e+09
2.435e+09
2.435e+09
2.435e+09
2.435e+09
2.435e+09
2.435e+09
2.435e+09
2.435e+09
2.44e+09
2.44e+09
2.44e+09
2.44e+09
2.44e+09
2.44e+09
2.44e+09
2.44e+09
2.44e+09
2.44e+09
2.44e+09
2.44e+09
2.44e+09
2.44e+09
2.44e+09
2.44e+09
2.44e+09
2.44e+09
2.445e+09
2.445e+09
2.445e+09
2.445e+09
2.445e+09
2.445e+09
2.445e+09
2.445e+09
2.445e+09
2.445e+09
2.445e+09
2.445e+09
2.45e+09
2.45e+09
2.45e+09
2.45e+09
2.45e+09
2.45e+09
2.45e+09
2.45e+09
2.45e+09
2.45e+09
2.45e+09
2.45e+09
2.45e+09
2.45e+09
2.45e+09
2.45e+09
2.45e+09
2.45e+09
2.455e+09
2.455e+09
2.455e+09
2.455e+09
2.455e+09
2.455e+09
2.455e+09
2.455e+09
2.455e+09
2.455e+09
2.455e+09
2.455e+09
2.46e+09
2.46e+09
2.46e+09
2.46e+09
2.46e+09
2.46e+09
2.46e+09
2.46e+09
2.46e+09
2.46e+09
2.46e+09
2.46e+09
2.46e+09
2.46e+09
2.46e+09
2.46e+09
2.46e+09
2.465e+09
2.465e+09
2.465e+09
2.465e+09
2.465e+09
2.465e+09
2.465e+09
2.465e+09
2.465e+09
2.465e+09
2.465e+09
2.465e+09
2.47e+09
2.47e+09
2.47e+09
2.47e+09
2.47e+09
2.47e+09
2.47e+09
2.47e+09
2.47e+09
2.47e+09
2.47e+09
2.47e+09
2.47e+09
2.47e+09
2.47e+09
2.47e+09
2.47e+09
2.47e+09
2.475e+09
2.475e+09
2.475e+09
2.475e+09
2.475e+09
2.475e+09
2.475e+09
2.475e+09
2.475e+09
2.475e+09
2.475e+09
2.475e+09
2.48e+09
2.48e+09
2.48e+09
2.48e+09
2.48e+09
2.48e+09
2.48e+09
2.48e+09
2.48e+09
2.48e+09
2.48e+09
2.48e+09
2.48e+09
2.48e+09
2.48e+09
2.48e+09
2.48e+09
2.48e+09
2.485e+09
2.485e+09
2.485e+09
2.485e+09
2.485e+09
2.485e+09
2.485e+09
2.485e+09
2.485e+09
2.485e+09
2.485e+09
2.485e+09
2.49e+09
2.49e+09
2.49e+09
2.49e+09
2.49e+09
2.49e+09
2.49e+09
2.49e+09
2.49e+09
2.49e+09
2.49e+09
2.49e+09
2.49e+09
2.49e+09
2.49e+09
2.49e+09
2.49e+09
2.495e+09
2.495e+09
2.495e+09
2.495e+09
2.495e+09
2.495e+09
2.495e+09
2.495e+09
2.495e+09
2.495e+09
2.495e+09
2.5e+09
2.5e+09
2.5e+09
2.5e+09
2.5e+09
2.5e+09
2.5e+09
2.5e+09
2.5e+09
2.5e+09
2.5e+09
2.5e+09
2.5e+09
2.5e+09
2.5e+09
2.5e+09
2.5e+09
2.505e+09
2.505e+09
2.505e+09
2.505e+09
2.505e+09
2.505e+09
2.505e+09
2.505e+09
2.505e+09
2.505e+09
2.505e+09
2.51e+09
2.51e+09
2.51e+09
2.51e+09
2.51e+09
2.51e+09
2.51e+09
2.51e+09
2.51e+09
2.51e+09
2.51e+09
2.51e+09
2.51e+09
2.51e+09
2.51e+09
2.51e+09
2.51e+09
2.515e+09
2.515e+09
2.515e+09
2.515e+09
2.515e+09
2.515e+09
2.515e+09
2.515e+09
2.515e+09
2.515e+09
2.515e+09
2.52e+09
2.52e+09
2.52e+09
2.52e+09
2.52e+09
2.52e+09
2.52e+09
2.52e+09
2.52e+09
2.52e+09
2.52e+09
2.52e+09
2.52e+09
2.52e+09
2.52e+09
2.52e+09
2.52e+09
2.525e+09
2.525e+09
2.525e+09
2.525e+09
2.525e+09
2.525e+09
2.525e+09
2.525e+09
2.525e+09
2.525e+09
2.525e+09
2.53e+09
2.53e+09
2.53e+09
2.53e+09
2.53e+09
2.53e+09
2.53e+09
2.53e+09
2.53e+09
2.53e+09
2.53e+09
2.53e+09
2.53e+09
2.53e+09
2.53e+09
2.53e+09
2.53e+09
2.535e+09
2.535e+09
2.535e+09
2.535e+09
2.535e+09
2.535e+09
2.535e+09
2.535e+09
2.535e+09
2.535e+09
2.535e+09
2.54e+09
2.54e+09
2.54e+09
2.54e+09
2.54e+09
2.54e+09
2.54e+09
2.54e+09
2.54e+09
2.54e+09
2.54e+09
2.54e+09
2.54e+09
2.54e+09
2.54e+09
2.54e+09
2.54e+09
2.545e+09
2.545e+09
2.545e+09
2.545e+09
2.545e+09
2.545e+09
2.545e+09
2.545e+09
2.545e+09
2.545e+09
2.545e+09
2.55e+09
2.55e+09
2.55e+09
2.55e+09
2.55e+09
2.55e+09
2.55e+09
2.55e+09
2.55e+09
2.55e+09
2.55e+09
2.55e+09
2.55e+09
2.55e+09
2.55e+09
2.55e+09
2.55e+09
2.555e+09
2.555e+09
2.555e+09
2.555e+09
2.555e+09
2.555e+09
2.555e+09
2.555e+09
2.555e+09
2.555e+09
2.555e+09
2.56e+09
2.56e+09
2.56e+09
2.56e+09
2.56e+09
2.56e+09
2.56e+09
2.56e+09
2.56e+09
2.56e+09
2.56e+09
2.56e+09
2.56e+09
2.56e+09
2.56e+09
2.56e+09
2.56e+09
2.565e+09
2.565e+09
2.565e+09
2.565e+09
2.565e+09
2.565e+09
2.565e+09
2.565e+09
2.565e+09
2.565e+09
2.565e+09
2.57e+09
2.57e+09
2.57e+09
2.57e+09
2.57e+09
2.57e+09
2.57e+09
2.57e+09
2.57e+09
2.57e+09
2.57e+09
2.57e+09
2.57e+09
2.57e+09
2.57e+09
2.57e+09
2.57e+09
2.575e+09
2.575e+09
2.575e+09
2.575e+09
2.575e+09
2.575e+09
2.575e+09
2.575e+09
2.575e+09
2.575e+09
2.575e+09
2.58e+09
2.58e+09
2.58e+09
2.58e+09
2.58e+09
2.58e+09
2.58e+09
2.58e+09
2.58e+09
2.58e+09
2.58e+09
2.58e+09
2.58e+09
2.58e+09
2.58e+09
2.58e+09
2.58e+09
2.585e+09
2.585e+09
2.585e+09
2.585e+09
2.585e+09
2.585e+09
2.585e+09
2.585e+09
2.585e+09
2.585e+09
2.585e+09
2.59e+09
2.59e+09
2.59e+09
2.59e+09
2.59e+09
2.59e+09
2.59e+09
2.59e+09
2.59e+09
2.59e+09
2.59e+09
2.59e+09
2.59e+09
2.59e+09
2.59e+09
2.59e+09
2.59e+09
2.595e+09
2.595e+09
2.595e+09
2.595e+09
2.595e+09
2.595e+09
2.595e+09
2.595e+09
2.595e+09
2.595e+09
2.595e+09
2.595e+09
2.6e+09
2.6e+09
2.6e+09
2.6e+09
2.6e+09
2.6e+09
2.6e+09
2.6e+09
2.6e+09
2.6e+09
2.6e+09
2.6e+09
2.6e+09
2.6e+09
2.6e+09
2.6e+09
2.6e+09
2.6e+09
2.6e+09
2.6e+09
2.6e+09
2.6e+09
2.6e+09
2.6e+09
2.6e+09
2.6e+09
2.6e+09
2.6e+09
2.605e+09
2.605e+09
2.605e+09
2.605e+09
2.605e+09
2.605e+09
2.605e+09
2.605e+09
2.605e+09
2.605e+09
2.605e+09
2.605e+09
2.605e+09
2.605e+09
2.605e+09
2.605e+09
2.605e+09
2.61e+09
2.61e+09
2.61e+09
2.61e+09
2.61e+09
2.61e+09
2.61e+09
2.61e+09
2.61e+09
2.61e+09
2.61e+09
2.615e+09
2.615e+09
2.615e+09
2.615e+09
2.615e+09
2.615e+09
2.615e+09
2.615e+09
2.615e+09
2.615e+09
2.615e+09
2.615e+09
2.615e+09
2.615e+09
2.615e+09
2.615e+09
2.615e+09
2.62e+09
2.62e+09
2.62e+09
2.62e+09
2.62e+09
2.62e+09
2.62e+09
2.62e+09
2.62e+09
2.62e+09
2.62e+09
2.625e+09
2.625e+09
2.625e+09
2.625e+09
2.625e+09
2.625e+09
2.625e+09
2.625e+09
2.625e+09
2.625e+09
2.625e+09
2.625e+09
2.625e+09
2.625e+09
2.625e+09
2.625e+09
2.625e+09
2.63e+09
2.63e+09
2.63e+09
2.63e+09
2.63e+09
2.63e+09
2.63e+09
2.63e+09
2.63e+09
2.63e+09
2.63e+09
2.635e+09
2.635e+09
2.635e+09
2.635e+09
2.635e+09
2.635e+09
2.635e+09
2.635e+09
2.635e+09
2.635e+09
2.635e+09
2.635e+09
2.635e+09
2.635e+09
2.635e+09
2.635e+09
2.635e+09
2.64e+09
2.64e+09
2.64e+09
2.64e+09
2.64e+09
2.64e+09
2.64e+09
2.64e+09
2.64e+09
2.64e+09
2.64e+09
2.645e+09
2.645e+09
2.645e+09
2.645e+09
2.645e+09
2.645e+09
2.645e+09
2.645e+09
2.645e+09
2.645e+09
2.645e+09
2.645e+09
2.645e+09
2.645e+09
2.645e+09
2.645e+09
2.645e+09
2.65e+09
2.65e+09
2.65e+09
2.65e+09
2.65e+09
2.65e+09
2.65e+09
2.65e+09
2.65e+09
2.65e+09
2.65e+09
2.655e+09
2.655e+09
2.655e+09
2.655e+09
2.655e+09
2.655e+09
2.655e+09
2.655e+09
2.655e+09
2.655e+09
2.655e+09
2.655e+09
2.655e+09
2.655e+09
2.655e+09
2.655e+09
2.655e+09
2.66e+09
2.66e+09
2.66e+09
2.66e+09
2.66e+09
2.66e+09
2.66e+09
2.66e+09
2.66e+09
2.66e+09
2.66e+09
2.665e+09
2.665e+09
2.665e+09
2.665e+09
2.665e+09
2.665e+09
2.665e+09
2.665e+09
2.665e+09
2.665e+09
2.665e+09
2.665e+09
2.665e+09
2.665e+09
2.665e+09
2.665e+09
2.665e+09
2.67e+09
2.67e+09
2.67e+09
2.67e+09
2.67e+09
2.67e+09
2.67e+09
2.67e+09
2.67e+09
2.67e+09
2.67e+09
2.675e+09
2.675e+09
2.675e+09
2.675e+09
2.675e+09
2.675e+09
2.675e+09
2.675e+09
2.675e+09
2.675e+09
2.675e+09
2.675e+09
2.675e+09
2.675e+09
2.675e+09
2.675e+09
2.675e+09
2.68e+09
2.68e+09
2.68e+09
2.68e+09
2.68e+09
2.68e+09
2.68e+09
2.68e+09
2.68e+09
2.68e+09
2.68e+09
2.685e+09
2.685e+09
2.685e+09
2.685e+09
2.685e+09
2.685e+09
2.685e+09
2.685e+09
2.685e+09
2.685e+09
2.685e+09
2.685e+09
2.685e+09
2.685e+09
2.685e+09
2.685e+09
2.685e+09
2.69e+09
2.69e+09
2.69e+09
2.69e+09
2.69e+09
2.69e+09
2.69e+09
2.69e+09
2.69e+09
2.69e+09
2.69e+09
2.695e+09
2.695e+09
2.695e+09
2.695e+09
2.695e+09
2.695e+09
2.695e+09
2.695e+09
2.695e+09
2.695e+09
2.695e+09
2.695e+09
2.695e+09
2.695e+09
2.695e+09
2.695e+09
2.695e+09
2.7e+09
2.7e+09
2.7e+09
2.7e+09
2.7e+09
2.7e+09
2.7e+09
2.7e+09
2.7e+09
2.7e+09
2.7e+09
2.705e+09
2.705e+09
2.705e+09
2.705e+09
2.705e+09
2.705e+09
2.705e+09
2.705e+09
2.705e+09
2.705e+09
2.705e+09
2.705e+09
2.705e+09
2.705e+09
2.705e+09
2.705e+09
2.705e+09
2.71e+09
2.71e+09
2.71e+09
2.71e+09
2.71e+09
2.71e+09
2.71e+09
2.71e+09
2.71e+09
2.71e+09
2.71e+09
2.71e+09
2.715e+09
2.715e+09
2.715e+09
2.715e+09
2.715e+09
2.715e+09
2.715e+09
2.715e+09
2.715e+09
2.715e+09
2.715e+09
2.715e+09
2.715e+09
2.715e+09
2.715e+09
2.715e+09
2.72e+09
2.72e+09
2.72e+09
2.72e+09
2.72e+09
2.72e+09
2.72e+09
2.72e+09
2.72e+09
2.72e+09
2.72e+09
2.72e+09
2.725e+09
2.725e+09
2.725e+09
2.725e+09
2.725e+09
2.725e+09
2.725e+09
2.725e+09
2.725e+09
2.725e+09
2.725e+09
2.725e+09
2.725e+09
2.725e+09
2.725e+09
2.725e+09
2.725e+09
2.73e+09
2.73e+09
2.73e+09
2.73e+09
2.73e+09
2.73e+09
2.73e+09
2.73e+09
2.73e+09
2.73e+09
2.73e+09
2.735e+09
2.735e+09
2.735e+09
2.735e+09
2.735e+09
2.735e+09
2.735e+09
2.735e+09
2.735e+09
2.735e+09
2.735e+09
2.735e+09
2.735e+09
2.735e+09
2.735e+09
2.735e+09
2.735e+09
2.74e+09
2.74e+09
2.74e+09
2.74e+09
2.74e+09
2.74e+09
2.74e+09
2.74e+09
2.74e+09
2.74e+09
2.74e+09
2.745e+09
2.745e+09
2.745e+09
2.745e+09
2.745e+09
2.745e+09
2.745e+09
2.745e+09
2.745e+09
2.745e+09
2.745e+09
2.745e+09
2.745e+09
2.745e+09
2.745e+09
2.745e+09
2.745e+09
2.75e+09
2.75e+09
2.75e+09
2.75e+09
2.75e+09
2.75e+09
2.75e+09
2.75e+09
2.75e+09
2.75e+09
2.75e+09
2.755e+09
2.755e+09
2.755e+09
2.755e+09
2.755e+09
2.755e+09
2.755e+09
2.755e+09
2.755e+09
2.755e+09
2.755e+09
2.755e+09
2.755e+09
2.755e+09
2.755e+09
2.755e+09
2.755e+09
2.76e+09
2.76e+09
2.76e+09
2.76e+09
2.76e+09
2.76e+09
2.76e+09
2.76e+09
2.76e+09
2.76e+09
2.76e+09
2.765e+09
2.765e+09
2.765e+09
2.765e+09
2.765e+09
2.765e+09
2.765e+09
2.765e+09
2.765e+09
2.765e+09
2.765e+09
2.765e+09
2.765e+09
2.765e+09
2.765e+09
2.765e+09
2.765e+09
2.77e+09
2.77e+09
2.77e+09
2.77e+09
2.77e+09
2.77e+09
2.77e+09
2.77e+09
2.77e+09
2.77e+09
2.77e+09
2.775e+09
2.775e+09
2.775e+09
2.775e+09
2.775e+09
2.775e+09
2.775e+09
2.775e+09
2.775e+09
2.775e+09
2.775e+09
2.775e+09
2.775e+09
2.775e+09
2.775e+09
2.775e+09
2.775e+09
2.78e+09
2.78e+09
2.78e+09
2.78e+09
2.78e+09
2.78e+09
2.78e+09
2.78e+09
2.78e+09
2.78e+09
2.78e+09
2.785e+09
2.785e+09
2.785e+09
2.785e+09
2.785e+09
2.785e+09
2.785e+09
2.785e+09
2.785e+09
2.785e+09
2.785e+09
2.785e+09
2.785e+09
2.785e+09
2.785e+09
2.785e+09
2.785e+09
2.79e+09
2.79e+09
2.79e+09
2.79e+09
2.79e+09
2.79e+09
2.79e+09
2.79e+09
2.79e+09
2.79e+09
2.79e+09
2.795e+09
2.795e+09
2.795e+09
2.795e+09
2.795e+09
2.795e+09
2.795e+09
2.795e+09
2.795e+09
2.795e+09
2.795e+09
2.795e+09
2.795e+09
2.795e+09
2.795e+09
2.795e+09
2.795e+09
2.8e+09
2.8e+09
2.8e+09
2.8e+09
2.8e+09
2.8e+09
2.8e+09
2.8e+09
2.8e+09
2.8e+09
2.8e+09
2.805e+09
2.805e+09
2.805e+09
2.805e+09
2.805e+09
2.805e+09
2.805e+09
2.805e+09
2.805e+09
2.805e+09
2.805e+09
2.805e+09
2.805e+09
2.805e+09
2.805e+09
2.805e+09
2.805e+09
2.81e+09
2.81e+09
2.81e+09
2.81e+09
2.81e+09
2.81e+09
2.81e+09
2.81e+09
2.81e+09
2.81e+09
2.81e+09
2.815e+09
2.815e+09
2.815e+09
2.815e+09
2.815e+09
2.815e+09
2.815e+09
2.815e+09
2.815e+09
2.815e+09
2.815e+09
2.815e+09
2.815e+09
2.815e+09
2.815e+09
2.815e+09
2.815e+09
2.82e+09
2.82e+09
2.82e+09
2.82e+09
2.82e+09
2.82e+09
2.82e+09
2.82e+09
2.82e+09
2.82e+09
2.82e+09
2.825e+09
2.825e+09
2.825e+09
2.825e+09
2.825e+09
2.825e+09
2.825e+09
2.825e+09
2.825e+09
2.825e+09
2.825e+09
2.825e+09
2.825e+09
2.825e+09
2.825e+09
2.825e+09
2.825e+09
2.83e+09
2.83e+09
2.83e+09
2.83e+09
2.83e+09
2.83e+09
2.83e+09
2.83e+09
2.83e+09
2.83e+09
2.83e+09
2.83e+09
2.835e+09
2.835e+09
2.835e+09
2.835e+09
2.835e+09
2.835e+09
2.835e+09
2.835e+09
2.835e+09
2.835e+09
2.835e+09
2.835e+09
2.835e+09
2.835e+09
2.835e+09
2.835e+09
2.84e+09
2.84e+09
2.84e+09
2.84e+09
2.84e+09
2.84e+09
2.84e+09
2.84e+09
2.84e+09
2.84e+09
2.84e+09
2.84e+09
2.845e+09
2.845e+09
2.845e+09
2.845e+09
2.845e+09
2.845e+09
2.845e+09
2.845e+09
2.845e+09
2.845e+09
2.845e+09
2.845e+09
2.845e+09
2.845e+09
2.845e+09
2.845e+09
2.85e+09
2.85e+09
2.85e+09
2.85e+09
2.85e+09
2.85e+09
2.85e+09
2.85e+09
2.85e+09
2.85e+09
2.85e+09
2.85e+09
2.855e+09
2.855e+09
2.855e+09
2.855e+09
2.855e+09
2.855e+09
2.855e+09
2.855e+09
2.855e+09
2.855e+09
2.855e+09
2.855e+09
2.855e+09
2.855e+09
2.855e+09
2.855e+09
2.855e+09
2.855e+09
2.855e+09
2.855e+09
2.855e+09
2.855e+09
2.855e+09
2.855e+09
2.855e+09
2.855e+09
2.855e+09
2.855e+09
2.86e+09
2.86e+09
2.86e+09
2.86e+09
2.86e+09
2.86e+09
2.86e+09
2.86e+09
2.86e+09
2.86e+09
2.86e+09
2.86e+09
2.86e+09
2.86e+09
2.86e+09
2.86e+09
2.86e+09
2.865e+09
2.865e+09
2.865e+09
2.865e+09
2.865e+09
2.865e+09
2.865e+09
2.865e+09
2.865e+09
2.865e+09
2.865e+09
2.87e+09
2.87e+09
2.87e+09
2.87e+09
2.87e+09
2.87e+09
2.87e+09
2.87e+09
2.87e+09
2.87e+09
2.87e+09
2.87e+09
2.87e+09
2.87e+09
2.87e+09
2.87e+09
2.87e+09
2.875e+09
2.875e+09
2.875e+09
2.875e+09
2.875e+09
2.875e+09
2.875e+09
2.875e+09
2.875e+09
2.875e+09
2.875e+09
2.88e+09
2.88e+09
2.88e+09
2.88e+09
2.88e+09
2.88e+09
2.88e+09
2.88e+09
2.88e+09
2.88e+09
2.88e+09
2.88e+09
2.88e+09
2.88e+09
2.88e+09
2.88e+09
2.88e+09
2.885e+09
2.885e+09
2.885e+09
2.885e+09
2.885e+09
2.885e+09
2.885e+09
2.885e+09
2.885e+09
2.885e+09
2.885e+09
2.89e+09
2.89e+09
2.89e+09
2.89e+09
2.89e+09
2.89e+09
2.89e+09
2.89e+09
2.89e+09
2.89e+09
2.89e+09
2.89e+09
2.89e+09
2.89e+09
2.89e+09
2.89e+09
2.89e+09
2.895e+09
2.895e+09
2.895e+09
2.895e+09
2.895e+09
2.895e+09
2.895e+09
2.895e+09
2.895e+09
2.895e+09
2.895e+09
2.9e+09
2.9e+09
2.9e+09
2.9e+09
2.9e+09
2.9e+09
2.9e+09
2.9e+09
2.9e+09
2.9e+09
2.9e+09
2.9e+09
2.9e+09
2.9e+09
2.9e+09
2.9e+09
2.9e+09
2.905e+09
2.905e+09
2.905e+09
2.905e+09
2.905e+09
2.905e+09
2.905e+09
2.905e+09
2.905e+09
2.905e+09
2.905e+09
2.91e+09
2.91e+09
2.91e+09
2.91e+09
2.91e+09
2.91e+09
2.91e+09
2.91e+09
2.91e+09
2.91e+09
2.91e+09
2.91e+09
2.91e+09
2.91e+09
2.91e+09
2.91e+09
2.91e+09
2.915e+09
2.915e+09
2.915e+09
2.915e+09
2.915e+09
2.915e+09
2.915e+09
2.915e+09
2.915e+09
2.915e+09
2.915e+09
2.92e+09
2.92e+09
2.92e+09
2.92e+09
2.92e+09
2.92e+09
2.92e+09
2.92e+09
2.92e+09
2.92e+09
2.92e+09
2.92e+09
2.92e+09
2.92e+09
2.92e+09
2.92e+09
2.92e+09
2.925e+09
2.925e+09
2.925e+09
2.925e+09
2.925e+09
2.925e+09
2.925e+09
2.925e+09
2.925e+09
2.925e+09
2.925e+09
2.93e+09
2.93e+09
2.93e+09
2.93e+09
2.93e+09
2.93e+09
2.93e+09
2.93e+09
2.93e+09
2.93e+09
2.93e+09
2.93e+09
2.93e+09
2.93e+09
2.93e+09
2.93e+09
2.93e+09
2.935e+09
2.935e+09
2.935e+09
2.935e+09
2.935e+09
2.935e+09
2.935e+09
2.935e+09
2.935e+09
2.935e+09
2.935e+09
2.94e+09
2.94e+09
2.94e+09
2.94e+09
2.94e+09
2.94e+09
2.94e+09
2.94e+09
2.94e+09
2.94e+09
2.94e+09
2.94e+09
2.94e+09
2.94e+09
2.94e+09
2.94e+09
2.94e+09
2.945e+09
2.945e+09
2.945e+09
2.945e+09
2.945e+09
2.945e+09
2.945e+09
2.945e+09
2.945e+09
2.945e+09
2.945e+09
2.95e+09
2.95e+09
2.95e+09
2.95e+09
2.95e+09
2.95e+09
2.95e+09
2.95e+09
2.95e+09
2.95e+09
2.95e+09
2.95e+09
2.95e+09
2.95e+09
2.95e+09
2.95e+09
2.95e+09
2.955e+09
2.955e+09
2.955e+09
2.955e+09
2.955e+09
2.955e+09
2.955e+09
2.955e+09
2.955e+09
2.955e+09
2.955e+09
2.96e+09
2.96e+09
2.96e+09
2.96e+09
2.96e+09
2.96e+09
2.96e+09
2.96e+09
2.96e+09
2.96e+09
2.96e+09
2.96e+09
2.96e+09
2.96e+09
2.96e+09
2.96e+09
2.96e+09
2.965e+09
2.965e+09
2.965e+09
2.965e+09
2.965e+09
2.965e+09
2.965e+09
2.965e+09
2.965e+09
2.965e+09
2.965e+09
2.97e+09
2.97e+09
2.97e+09
2.97e+09
2.97e+09
2.97e+09
2.97e+09
2.97e+09
2.97e+09
2.97e+09
2.97e+09
2.97e+09
2.97e+09
2.97e+09
2.97e+09
2.97e+09
2.97e+09
2.975e+09
2.975e+09
2.975e+09
2.975e+09
2.975e+09
2.975e+09
2.975e+09
2.975e+09
2.975e+09
2.975e+09
2.975e+09
2.98e+09
2.98e+09
2.98e+09
2.98e+09
2.98e+09
2.98e+09
2.98e+09
2.98e+09
2.98e+09
2.98e+09
2.98e+09
2.98e+09
2.98e+09
2.98e+09
2.98e+09
2.98e+09
2.98e+09
2.985e+09
2.985e+09
2.985e+09
2.985e+09
2.985e+09
2.985e+09
2.985e+09
2.985e+09
2.985e+09
2.985e+09
2.985e+09
2.99e+09
2.99e+09
2.99e+09
2.99e+09
2.99e+09
2.99e+09
2.99e+09
2.99e+09
2.99e+09
2.99e+09
2.99e+09
2.99e+09
2.99e+09
2.99e+09
2.99e+09
2.99e+09
2.99e+09
2.995e+09
2.995e+09
2.995e+09
2.995e+09
2.995e+09
2.995e+09
2.995e+09
2.995e+09
2.995e+09
2.995e+09
2.995e+09
3e+09
3e+09
3e+09
3e+09
3e+09
3e+09
3e+09
3e+09
3e+09
3e+09
3e+09
3e+09
3e+09
3e+09
3e+09
3e+09
3e+09
3.005e+09
3.005e+09
3.005e+09
3.005e+09
3.005e+09
3.005e+09
3.005e+09
3.005e+09
3.005e+09
3.005e+09
3.005e+09
3.01e+09
3.01e+09
3.01e+09
3.01e+09
3.01e+09
3.01e+09
3.01e+09
3.01e+09
3.01e+09
3.01e+09
3.01e+09
3.01e+09
3.01e+09
3.01e+09
3.01e+09
3.01e+09
3.01e+09
3.015e+09
3.015e+09
3.015e+09
3.015e+09
3.015e+09
3.015e+09
3.015e+09
3.015e+09
3.015e+09
3.015e+09
3.015e+09
3.015e+09
3.02e+09
3.02e+09
3.02e+09
3.02e+09
3.02e+09
3.02e+09
3.02e+09
3.02e+09
3.02e+09
3.02e+09
3.02e+09
3.02e+09
3.02e+09
3.02e+09
3.02e+09
3.02e+09
3.025e+09
3.025e+09
3.025e+09
3.025e+09
3.025e+09
3.025e+09
3.025e+09
3.025e+09
3.025e+09
3.025e+09
3.025e+09
3.025e+09
3.03e+09
3.03e+09
3.03e+09
3.03e+09
3.03e+09
3.03e+09
3.03e+09
3.03e+09
3.03e+09
3.03e+09
3.03e+09
3.03e+09
3.03e+09
3.03e+09
3.03e+09
3.03e+09
3.03e+09
3.035e+09
3.035e+09
3.035e+09
3.035e+09
3.035e+09
3.035e+09
3.035e+09
3.035e+09
3.035e+09
3.035e+09
3.035e+09
3.04e+09
3.04e+09
3.04e+09
3.04e+09
3.04e+09
3.04e+09
3.04e+09
3.04e+09
3.04e+09
3.04e+09
3.04e+09
3.04e+09
3.04e+09
3.04e+09
3.04e+09
3.04e+09
3.04e+09
3.045e+09
3.045e+09
3.045e+09
3.045e+09
3.045e+09
3.045e+09
3.045e+09
3.045e+09
3.045e+09
3.045e+09
3.045e+09
3.05e+09
3.05e+09
3.05e+09
3.05e+09
3.05e+09
3.05e+09
3.05e+09
3.05e+09
3.05e+09
3.05e+09
3.05e+09
3.05e+09
3.05e+09
3.05e+09
3.05e+09
3.05e+09
3.05e+09
3.055e+09
3.055e+09
3.055e+09
3.055e+09
3.055e+09
3.055e+09
3.055e+09
3.055e+09
3.055e+09
3.055e+09
3.055e+09
3.06e+09
3.06e+09
3.06e+09
3.06e+09
3.06e+09
3.06e+09
3.06e+09
3.06e+09
3.06e+09
3.06e+09
3.06e+09
3.06e+09
3.06e+09
3.06e+09
3.06e+09
3.06e+09
3.06e+09
3.065e+09
3.065e+09
3.065e+09
3.065e+09
3.065e+09
3.065e+09
3.065e+09
3.065e+09
3.065e+09
3.065e+09
3.065e+09
3.07e+09
3.07e+09
3.07e+09
3.07e+09
3.07e+09
3.07e+09
3.07e+09
3.07e+09
3.07e+09
3.07e+09
3.07e+09
3.07e+09
3.07e+09
3.07e+09
3.07e+09
3.07e+09
3.07e+09
3.075e+09
3.075e+09
3.075e+09
3.075e+09
3.075e+09
3.075e+09
3.075e+09
3.075e+09
3.075e+09
3.075e+09
3.075e+09
3.08e+09
3.08e+09
3.08e+09
3.08e+09
3.08e+09
3.08e+09
3.08e+09
3.08e+09
3.08e+09
3.08e+09
3.08e+09
3.08e+09
3.08e+09
3.08e+09
3.08e+09
3.08e+09
3.08e+09
3.085e+09
3.085e+09
3.085e+09
3.085e+09
3.085e+09
3.085e+09
3.085e+09
3.085e+09
3.085e+09
3.085e+09
3.085e+09
3.09e+09
3.09e+09
3.09e+09
3.09e+09
3.09e+09
3.09e+09
3.09e+09
3.09e+09
3.09e+09
3.09e+09
3.09e+09
3.09e+09
3.09e+09
3.09e+09
3.09e+09
3.09e+09
3.09e+09
3.095e+09
3.095e+09
3.095e+09
3.095e+09
3.095e+09
3.095e+09
3.095e+09
3.095e+09
3.095e+09
3.095e+09
3.095e+09
3.1e+09
3.1e+09
3.1e+09
3.1e+09
3.1e+09
3.1e+09
3.1e+09
3.1e+09
3.1e+09
3.1e+09
3.1e+09
3.1e+09
3.1e+09
3.1e+09
3.1e+09
3.1e+09
3.1e+09
3.105e+09
3.105e+09
3.105e+09
3.105e+09
3.105e+09
3.105e+09
3.105e+09
3.105e+09
3.105e+09
3.105e+09
3.105e+09
3.11e+09
3.11e+09
3.11e+09
3.11e+09
3.11e+09
3.11e+09
3.11e+09
3.11e+09
3.11e+09
3.11e+09
3.11e+09
3.11e+09
3.11e+09
3.11e+09
3.11e+09
3.11e+09
3.11e+09
3.115e+09
3.115e+09
3.115e+09
3.115e+09
3.115e+09
3.115e+09
3.115e+09
3.115e+09
3.115e+09
3.115e+09
3.115e+09
3.12e+09
3.12e+09
3.12e+09
3.12e+09
3.12e+09
3.12e+09
3.12e+09
3.12e+09
3.12e+09
3.12e+09
3.12e+09
3.12e+09
3.12e+09
3.12e+09
3.12e+09
3.12e+09
3.12e+09
3.125e+09
3.125e+09
3.125e+09
3.125e+09
3.125e+09
3.125e+09
3.125e+09
3.125e+09
3.125e+09
3.125e+09
3.125e+09
3.13e+09
3.13e+09
3.13e+09
3.13e+09
3.13e+09
3.13e+09
3.13e+09
3.13e+09
3.13e+09
3.13e+09
3.13e+09
3.13e+09
3.13e+09
3.13e+09
3.13e+09
3.13e+09
3.13e+09
3.135e+09
3.135e+09
3.135e+09
3.135e+09
3.135e+09
3.135e+09
3.135e+09
3.135e+09
3.135e+09
3.135e+09
3.135e+09
3.14e+09
3.14e+09
3.14e+09
3.14e+09
3.14e+09
3.14e+09
3.14e+09
3.14e+09
3.14e+09
3.14e+09
3.14e+09
3.14e+09
3.14e+09
3.14e+09
3.14e+09
3.14e+09
3.14e+09
3.145e+09
3.145e+09
3.145e+09
3.145e+09
3.145e+09
3.145e+09
3.145e+09
3.145e+09
3.145e+09
3.145e+09
3.145e+09
3.15e+09
3.15e+09
3.15e+09
3.15e+09
3.15e+09
3.15e+09
3.15e+09
3.15e+09
3.15e+09
3.15e+09
3.15e+09
3.15e+09
3.15e+09
3.15e+09
3.15e+09
3.15e+09
3.15e+09
3.155e+09
3.155e+09
3.155e+09
3.155e+09
3.155e+09
3.155e+09
3.155e+09
3.155e+09
3.155e+09
3.155e+09
3.155e+09
3.16e+09
3.16e+09
3.16e+09
3.16e+09
3.16e+09
3.16e+09
3.16e+09
3.16e+09
3.16e+09
3.16e+09
3.16e+09
3.16e+09
3.16e+09
3.16e+09
3.16e+09
3.16e+09
3.16e+09
3.165e+09
3.165e+09
3.165e+09
3.165e+09
3.165e+09
3.165e+09
3.165e+09
3.165e+09
3.165e+09
3.165e+09
3.165e+09
3.165e+09
3.17e+09
3.17e+09
3.17e+09
3.17e+09
3.17e+09
3.17e+09
3.17e+09
3.17e+09
3.17e+09
3.17e+09
3.17e+09
3.17e+09
3.17e+09
3.17e+09
3.17e+09
3.17e+09
3.175e+09
3.175e+09
3.175e+09
3.175e+09
3.175e+09
3.175e+09
3.175e+09
3.175e+09
3.175e+09
3.175e+09
3.175e+09
3.175e+09
3.18e+09
3.18e+09
3.18e+09
3.18e+09
3.18e+09
3.18e+09
3.18e+09
3.18e+09
3.18e+09
3.18e+09
3.18e+09
3.18e+09
3.18e+09
3.18e+09
3.18e+09
3.18e+09
3.185e+09
3.185e+09
3.185e+09
3.185e+09
3.185e+09
3.185e+09
3.185e+09
3.185e+09
3.185e+09
3.185e+09
3.185e+09
3.185e+09
3.19e+09
3.19e+09
3.19e+09
3.19e+09
3.19e+09
3.19e+09
3.19e+09
3.19e+09
3.19e+09
3.19e+09
3.19e+09
3.19e+09
3.19e+09
3.19e+09
3.19e+09
3.19e+09
3.19e+09
3.195e+09
3.195e+09
3.195e+09
3.195e+09
3.195e+09
3.195e+09
3.195e+09
3.195e+09
3.195e+09
3.195e+09
3.195e+09
3.2e+09
3.2e+09
3.2e+09
3.2e+09
3.2e+09
3.2e+09
3.2e+09
3.2e+09
3.2e+09
3.2e+09
3.2e+09
3.2e+09
3.2e+09
3.2e+09
3.2e+09
3.2e+09
3.2e+09
3.205e+09
3.205e+09
3.205e+09
3.205e+09
3.205e+09
3.205e+09
3.205e+09
3.205e+09
3.205e+09
3.205e+09
3.205e+09
3.21e+09
3.21e+09
3.21e+09
3.21e+09
3.21e+09
3.21e+09
3.21e+09
3.21e+09
3.21e+09
3.21e+09
3.21e+09
3.21e+09
3.21e+09
3.21e+09
3.21e+09
3.21e+09
3.21e+09
3.215e+09
3.215e+09
3.215e+09
3.215e+09
3.215e+09
3.215e+09
3.215e+09
3.215e+09
3.215e+09
3.215e+09
3.215e+09
3.22e+09
3.22e+09
3.22e+09
3.22e+09
3.22e+09
3.22e+09
3.22e+09
3.22e+09
3.22e+09
3.22e+09
3.22e+09
3.22e+09
3.22e+09
3.22e+09
3.22e+09
3.22e+09
3.22e+09
3.225e+09
3.225e+09
3.225e+09
3.225e+09
3.225e+09
3.225e+09
3.225e+09
3.225e+09
3.225e+09
3.225e+09
3.225e+09
3.23e+09
3.23e+09
3.23e+09
3.23e+09
3.23e+09
3.23e+09
3.23e+09
3.23e+09
3.23e+09
3.23e+09
3.23e+09
3.23e+09
3.23e+09
3.23e+09
3.23e+09
3.23e+09
3.23e+09
3.235e+09
3.235e+09
3.235e+09
3.235e+09
3.235e+09
3.235e+09
3.235e+09
3.235e+09
3.235e+09
3.235e+09
3.235e+09
3.24e+09
3.24e+09
3.24e+09
3.24e+09
3.24e+09
3.24e+09
3.24e+09
3.24e+09
3.24e+09
3.24e+09
3.24e+09
3.24e+09
3.24e+09
3.24e+09
3.24e+09
3.24e+09
3.24e+09
3.245e+09
3.245e+09
3.245e+09
3.245e+09
3.245e+09
3.245e+09
3.245e+09
3.245e+09
3.245e+09
3.245e+09
3.245e+09
3.25e+09
3.25e+09
3.25e+09
3.25e+09
3.25e+09
3.25e+09
3.25e+09
3.25e+09
3.25e+09
3.25e+09
3.25e+09
3.25e+09
3.25e+09
3.25e+09
3.25e+09
3.25e+09
3.25e+09
3.255e+09
3.255e+09
3.255e+09
3.255e+09
3.255e+09
3.255e+09
3.255e+09
3.255e+09
3.255e+09
3.255e+09
3.255e+09
3.26e+09
3.26e+09
3.26e+09
3.26e+09
3.26e+09
3.26e+09
3.26e+09
3.26e+09
3.26e+09
3.26e+09
3.26e+09
3.26e+09
3.26e+09
3.26e+09
3.26e+09
3.26e+09
3.26e+09
3.265e+09
3.265e+09
3.265e+09
3.265e+09
3.265e+09
3.265e+09
3.265e+09
3.265e+09
3.265e+09
3.265e+09
3.265e+09
3.27e+09
3.27e+09
3.27e+09
3.27e+09
3.27e+09
3.27e+09
3.27e+09
3.27e+09
3.27e+09
3.27e+09
3.27e+09
3.27e+09
3.27e+09
3.27e+09
3.27e+09
3.27e+09
3.27e+09
3.275e+09
3.275e+09
3.275e+09
3.275e+09
3.275e+09
3.275e+09
3.275e+09
3.275e+09
3.275e+09
3.275e+09
3.275e+09
3.28e+09
3.28e+09
3.28e+09
3.28e+09
3.28e+09
3.28e+09
3.28e+09
3.28e+09
3.28e+09
3.28e+09
3.28e+09
3.28e+09
3.28e+09
3.28e+09
3.28e+09
3.28e+09
3.28e+09
3.285e+09
3.285e+09
3.285e+09
3.285e+09
3.285e+09
3.285e+09
3.285e+09
3.285e+09
3.285e+09
3.285e+09
3.285e+09
3.29e+09
3.29e+09
3.29e+09
3.29e+09
3.29e+09
3.29e+09
3.29e+09
3.29e+09
3.29e+09
3.29e+09
3.29e+09
3.29e+09
3.29e+09
3.29e+09
3.29e+09
3.29e+09
3.29e+09
3.295e+09
3.295e+09
3.295e+09
3.295e+09
3.295e+09
3.295e+09
3.295e+09
3.295e+09
3.295e+09
3.295e+09
3.295e+09
3.3e+09
3.3e+09
3.3e+09
3.3e+09
3.3e+09
3.3e+09
3.3e+09
3.3e+09
3.3e+09
3.3e+09
3.3e+09
3.3e+09
3.3e+09
3.3e+09
3.3e+09
3.3e+09
3.3e+09
3.305e+09
3.305e+09
3.305e+09
3.305e+09
3.305e+09
3.305e+09
3.305e+09
3.305e+09
3.305e+09
3.305e+09
3.305e+09
3.31e+09
3.31e+09
3.31e+09
3.31e+09
3.31e+09
3.31e+09
3.31e+09
3.31e+09
3.31e+09
3.31e+09
3.31e+09
3.31e+09
3.31e+09
3.31e+09
3.31e+09
3.31e+09
3.31e+09
3.315e+09
3.315e+09
3.315e+09
3.315e+09
3.315e+09
3.315e+09
3.315e+09
3.315e+09
3.315e+09
3.315e+09
3.315e+09
3.32e+09
3.32e+09
3.32e+09
3.32e+09
3.32e+09
3.32e+09
3.32e+09
3.32e+09
3.32e+09
3.32e+09
3.32e+09
3.32e+09
3.32e+09
3.32e+09
3.32e+09
3.32e+09
3.32e+09
3.325e+09
3.325e+09
3.325e+09
3.325e+09
3.325e+09
3.325e+09
3.325e+09
3.325e+09
3.325e+09
3.325e+09
3.325e+09
3.325e+09
3.33e+09
3.33e+09
3.33e+09
3.33e+09
3.33e+09
3.33e+09
3.33e+09
3.33e+09
3.33e+09
3.33e+09
3.33e+09
3.33e+09
3.33e+09
3.33e+09
3.33e+09
3.33e+09
3.335e+09
3.335e+09
3.335e+09
3.335e+09
3.335e+09
3.335e+09
3.335e+09
3.335e+09
3.335e+09
3.335e+09
3.335e+09
3.335e+09
3.34e+09
3.34e+09
3.34e+09
3.34e+09
3.34e+09
3.34e+09
3.34e+09
3.34e+09
3.34e+09
3.34e+09
3.34e+09
3.34e+09
3.34e+09
3.34e+09
3.34e+09
3.34e+09
3.345e+09
3.345e+09
3.345e+09
3.345e+09
3.345e+09
3.345e+09
3.345e+09
3.345e+09
3.345e+09
3.345e+09
3.345e+09
3.345e+09
3.35e+09
3.35e+09
3.35e+09
3.35e+09
3.35e+09
3.35e+09
3.35e+09
3.35e+09
3.35e+09
3.35e+09
3.35e+09
3.35e+09
3.35e+09
3.35e+09
3.35e+09
3.35e+09
3.355e+09
3.355e+09
3.355e+09
3.355e+09
3.355e+09
3.355e+09
3.355e+09
3.355e+09
3.355e+09
3.355e+09
3.355e+09
3.355e+09
3.36e+09
3.36e+09
3.36e+09
3.36e+09
3.36e+09
3.36e+09
3.36e+09
3.36e+09
3.36e+09
3.36e+09
3.36e+09
3.36e+09
3.36e+09
3.36e+09
3.36e+09
3.36e+09
3.36e+09
3.365e+09
3.365e+09
3.365e+09
3.365e+09
3.365e+09
3.365e+09
3.365e+09
3.365e+09
3.365e+09
3.365e+09
3.365e+09
3.37e+09
3.37e+09
3.37e+09
3.37e+09
3.37e+09
3.37e+09
3.37e+09
3.37e+09
3.37e+09
3.37e+09
3.37e+09
3.37e+09
3.37e+09
3.37e+09
3.37e+09
3.37e+09
3.37e+09
3.375e+09
3.375e+09
3.375e+09
3.375e+09
3.375e+09
3.375e+09
3.375e+09
3.375e+09
3.375e+09
3.375e+09
3.375e+09
3.38e+09
3.38e+09
3.38e+09
3.38e+09
3.38e+09
3.38e+09
3.38e+09
3.38e+09
3.38e+09
3.38e+09
3.38e+09
3.38e+09
3.38e+09
3.38e+09
3.38e+09
3.38e+09
3.38e+09
3.385e+09
3.385e+09
3.385e+09
3.385e+09
3.385e+09
3.385e+09
3.385e+09
3.385e+09
3.385e+09
3.385e+09
3.385e+09
3.39e+09
3.39e+09
3.39e+09
3.39e+09
3.39e+09
3.39e+09
3.39e+09
3.39e+09
3.39e+09
3.39e+09
3.39e+09
3.39e+09
3.39e+09
3.39e+09
3.39e+09
3.39e+09
3.39e+09
3.395e+09
3.395e+09
3.395e+09
3.395e+09
3.395e+09
3.395e+09
3.395e+09
3.395e+09
3.395e+09
3.395e+09
3.395e+09
3.4e+09
3.4e+09
3.4e+09
3.4e+09
3.4e+09
3.4e+09
3.4e+09
3.4e+09
3.4e+09
3.4e+09
3.4e+09
3.4e+09
3.4e+09
3.4e+09
3.4e+09
3.4e+09
3.4e+09
3.405e+09
3.405e+09
3.405e+09
3.405e+09
3.405e+09
3.405e+09
3.405e+09
3.405e+09
3.405e+09
3.405e+09
3.405e+09
3.41e+09
3.41e+09
3.41e+09
3.41e+09
3.41e+09
3.41e+09
3.41e+09
3.41e+09
3.41e+09
3.41e+09
3.41e+09
3.41e+09
3.41e+09
3.41e+09
3.41e+09
3.41e+09
3.41e+09
3.415e+09
3.415e+09
3.415e+09
3.415e+09
3.415e+09
3.415e+09
3.415e+09
3.415e+09
3.415e+09
3.415e+09
3.415e+09
3.42e+09
3.42e+09
3.42e+09
3.42e+09
3.42e+09
3.42e+09
3.42e+09
3.42e+09
3.42e+09
3.42e+09
3.42e+09
3.42e+09
3.42e+09
3.42e+09
3.42e+09
3.42e+09
3.42e+09
3.425e+09
3.425e+09
3.425e+09
3.425e+09
3.425e+09
3.425e+09
3.425e+09
3.425e+09
3.425e+09
3.425e+09
3.425e+09
3.43e+09
3.43e+09
3.43e+09
3.43e+09
3.43e+09
3.43e+09
3.43e+09
3.43e+09
3.43e+09
3.43e+09
3.43e+09
3.43e+09
3.43e+09
3.43e+09
3.43e+09
3.43e+09
3.43e+09
3.435e+09
3.435e+09
3.435e+09
3.435e+09
3.435e+09
3.435e+09
3.435e+09
3.435e+09
3.435e+09
3.435e+09
3.435e+09
3.44e+09
3.44e+09
3.44e+09
3.44e+09
3.44e+09
3.44e+09
3.44e+09
3.44e+09
3.44e+09
3.44e+09
3.44e+09
3.44e+09
3.44e+09
3.44e+09
3.44e+09
3.44e+09
3.44e+09
3.445e+09
3.445e+09
3.445e+09
3.445e+09
3.445e+09
3.445e+09
3.445e+09
3.445e+09
3.445e+09
3.445e+09
3.445e+09
3.45e+09
3.45e+09
3.45e+09
3.45e+09
3.45e+09
3.45e+09
3.45e+09
3.45e+09
3.45e+09
3.45e+09
3.45e+09
3.45e+09
3.45e+09
3.45e+09
3.45e+09
3.45e+09
3.45e+09
3.455e+09
3.455e+09
3.455e+09
3.455e+09
3.455e+09
3.455e+09
3.455e+09
3.455e+09
3.455e+09
3.455e+09
3.455e+09
3.46e+09
3.46e+09
3.46e+09
3.46e+09
3.46e+09
3.46e+09
3.46e+09
3.46e+09
3.46e+09
3.46e+09
3.46e+09
3.46e+09
3.46e+09
3.46e+09
3.46e+09
3.46e+09
3.46e+09
3.465e+09
3.465e+09
3.465e+09
3.465e+09
3.465e+09
3.465e+09
3.465e+09
3.465e+09
3.465e+09
3.465e+09
3.465e+09
3.47e+09
3.47e+09
3.47e+09
3.47e+09
3.47e+09
3.47e+09
3.47e+09
3.47e+09
3.47e+09
3.47e+09
3.47e+09
3.47e+09
3.47e+09
3.47e+09
3.47e+09
3.47e+09
3.47e+09
3.475e+09
3.475e+09
3.475e+09
3.475e+09
3.475e+09
3.475e+09
3.475e+09
3.475e+09
3.475e+09
3.475e+09
3.475e+09
3.48e+09
3.48e+09
3.48e+09
3.48e+09
3.48e+09
3.48e+09
3.48e+09
3.48e+09
3.48e+09
3.48e+09
3.48e+09
3.48e+09
3.48e+09
3.48e+09
3.48e+09
3.48e+09
3.48e+09
3.485e+09
3.485e+09
3.485e+09
3.485e+09
3.485e+09
3.485e+09
3.485e+09
3.485e+09
3.485e+09
3.485e+09
3.485e+09
3.49e+09
3.49e+09
3.49e+09
3.49e+09
3.49e+09
3.49e+09
3.49e+09
3.49e+09
3.49e+09
3.49e+09
3.49e+09
3.49e+09
3.49e+09
3.49e+09
3.49e+09
3.49e+09
3.49e+09
3.495e+09
3.495e+09
3.495e+09
3.495e+09
3.495e+09
3.495e+09
3.495e+09
3.495e+09
3.495e+09
3.495e+09
3.495e+09
3.5e+09
3.5e+09
3.5e+09
3.5e+09
3.5e+09
3.5e+09
3.5e+09
3.5e+09
3.5e+09
3.5e+09
3.5e+09
3.5e+09
3.5e+09
3.5e+09
3.5e+09
3.5e+09
3.5e+09
3.505e+09
3.505e+09
3.505e+09
3.505e+09
3.505e+09
3.505e+09
3.505e+09
3.505e+09
3.505e+09
3.505e+09
3.505e+09
3.51e+09
3.51e+09
3.51e+09
3.51e+09
3.51e+09
3.51e+09
3.51e+09
3.51e+09
3.51e+09
3.51e+09
3.51e+09
3.51e+09
3.51e+09
3.51e+09
3.51e+09
3.51e+09
3.51e+09
3.51e+09
3.51e+09
3.51e+09
3.51e+09
3.51e+09
3.51e+09
3.51e+09
3.51e+09
3.51e+09
3.51e+09
3.51e+09
3.515e+09
3.515e+09
3.515e+09
3.515e+09
3.515e+09
3.515e+09
3.515e+09
3.515e+09
3.515e+09
3.515e+09
3.515e+09
3.515e+09
3.515e+09
3.515e+09
3.515e+09
3.515e+09
3.515e+09
3.515e+09
3.515e+09
3.515e+09
3.515e+09
3.515e+09
3.515e+09
3.515e+09
3.515e+09
3.515e+09
3.515e+09
3.515e+09
3.52e+09
3.52e+09
3.52e+09
3.52e+09
3.52e+09
3.52e+09
3.52e+09
3.52e+09
3.52e+09
3.52e+09
3.52e+09
3.52e+09
3.52e+09
3.52e+09
3.52e+09
3.52e+09
3.52e+09
3.525e+09
3.525e+09
3.525e+09
3.525e+09
3.525e+09
3.525e+09
3.525e+09
3.525e+09
3.525e+09
3.525e+09
3.525e+09
3.53e+09
3.53e+09
3.53e+09
3.53e+09
3.53e+09
3.53e+09
3.53e+09
3.53e+09
3.53e+09
3.53e+09
3.53e+09
3.53e+09
3.53e+09
3.53e+09
3.53e+09
3.53e+09
3.53e+09
3.535e+09
3.535e+09
3.535e+09
3.535e+09
3.535e+09
3.535e+09
3.535e+09
3.535e+09
3.535e+09
3.535e+09
3.535e+09
3.54e+09
3.54e+09
3.54e+09
3.54e+09
3.54e+09
3.54e+09
3.54e+09
3.54e+09
3.54e+09
3.54e+09
3.54e+09
3.54e+09
3.54e+09
3.54e+09
3.54e+09
3.54e+09
3.54e+09
3.545e+09
3.545e+09
3.545e+09
3.545e+09
3.545e+09
3.545e+09
3.545e+09
3.545e+09
3.545e+09
3.545e+09
3.545e+09
3.55e+09
3.55e+09
3.55e+09
3.55e+09
3.55e+09
3.55e+09
3.55e+09
3.55e+09
3.55e+09
3.55e+09
3.55e+09
3.55e+09
3.55e+09
3.55e+09
3.55e+09
3.55e+09
3.55e+09
3.555e+09
3.555e+09
3.555e+09
3.555e+09
3.555e+09
3.555e+09
3.555e+09
3.555e+09
3.555e+09
3.555e+09
3.555e+09
3.56e+09
3.56e+09
3.56e+09
3.56e+09
3.56e+09
3.56e+09
3.56e+09
3.56e+09
3.56e+09
3.56e+09
3.56e+09
3.56e+09
3.56e+09
3.56e+09
3.56e+09
3.56e+09
3.56e+09
3.565e+09
3.565e+09
3.565e+09
3.565e+09
3.565e+09
3.565e+09
3.565e+09
3.565e+09
3.565e+09
3.565e+09
3.565e+09
3.57e+09
3.57e+09
3.57e+09
3.57e+09
3.57e+09
3.57e+09
3.57e+09
3.57e+09
3.57e+09
3.57e+09
3.57e+09
3.57e+09
3.57e+09
3.57e+09
3.57e+09
3.57e+09
3.57e+09
3.575e+09
3.575e+09
3.575e+09
3.575e+09
3.575e+09
3.575e+09
3.575e+09
3.575e+09
3.575e+09
3.575e+09
3.575e+09
3.58e+09
3.58e+09
3.58e+09
3.58e+09
3.58e+09
3.58e+09
3.58e+09
3.58e+09
3.58e+09
3.58e+09
3.58e+09
3.58e+09
3.58e+09
3.58e+09
3.58e+09
3.58e+09
3.58e+09
3.585e+09
3.585e+09
3.585e+09
3.585e+09
3.585e+09
3.585e+09
3.585e+09
3.585e+09
3.585e+09
3.585e+09
3.585e+09
3.59e+09
3.59e+09
3.59e+09
3.59e+09
3.59e+09
3.59e+09
3.59e+09
3.59e+09
3.59e+09
3.59e+09
3.59e+09
3.59e+09
3.59e+09
3.59e+09
3.59e+09
3.59e+09
3.59e+09
3.595e+09
3.595e+09
3.595e+09
3.595e+09
3.595e+09
3.595e+09
3.595e+09
3.595e+09
3.595e+09
3.595e+09
3.595e+09
3.6e+09
3.6e+09
3.6e+09
3.6e+09
3.6e+09
3.6e+09
3.6e+09
3.6e+09
3.6e+09
3.6e+09
3.6e+09
3.6e+09
3.6e+09
3.6e+09
3.6e+09
3.6e+09
3.6e+09
3.605e+09
3.605e+09
3.605e+09
3.605e+09
3.605e+09
3.605e+09
3.605e+09
3.605e+09
3.605e+09
3.605e+09
3.605e+09
3.61e+09
3.61e+09
3.61e+09
3.61e+09
3.61e+09
3.61e+09
3.61e+09
3.61e+09
3.61e+09
3.61e+09
3.61e+09
3.61e+09
3.61e+09
3.61e+09
3.61e+09
3.61e+09
3.61e+09
3.615e+09
3.615e+09
3.615e+09
3.615e+09
3.615e+09
3.615e+09
3.615e+09
3.615e+09
3.615e+09
3.615e+09
3.615e+09
3.62e+09
3.62e+09
3.62e+09
3.62e+09
3.62e+09
3.62e+09
3.62e+09
3.62e+09
3.62e+09
3.62e+09
3.62e+09
3.62e+09
3.62e+09
3.62e+09
3.62e+09
3.62e+09
3.62e+09
3.625e+09
3.625e+09
3.625e+09
3.625e+09
3.625e+09
3.625e+09
3.625e+09
3.625e+09
3.625e+09
3.625e+09
3.625e+09
3.63e+09
3.63e+09
3.63e+09
3.63e+09
3.63e+09
3.63e+09
3.63e+09
3.63e+09
3.63e+09
3.63e+09
3.63e+09
3.63e+09
3.63e+09
3.63e+09
3.63e+09
3.63e+09
3.63e+09
3.635e+09
3.635e+09
3.635e+09
3.635e+09
3.635e+09
3.635e+09
3.635e+09
3.635e+09
3.635e+09
3.635e+09
3.635e+09
3.64e+09
3.64e+09
3.64e+09
3.64e+09
3.64e+09
3.64e+09
3.64e+09
3.64e+09
3.64e+09
3.64e+09
3.64e+09
3.64e+09
3.64e+09
3.64e+09
3.64e+09
3.64e+09
3.64e+09
3.64e+09
3.64e+09
3.64e+09
3.64e+09
3.64e+09
3.64e+09
3.645e+09
3.645e+09
3.645e+09
3.645e+09
3.645e+09
3.645e+09
3.645e+09
3.645e+09
3.645e+09
3.645e+09
3.645e+09
3.65e+09
3.65e+09
3.65e+09
3.65e+09
3.65e+09
3.65e+09
3.65e+09
3.65e+09
3.65e+09
3.65e+09
3.65e+09
3.65e+09
3.65e+09
3.65e+09
3.65e+09
3.65e+09
3.65e+09
3.655e+09
3.655e+09
3.655e+09
3.655e+09
3.655e+09
3.655e+09
3.655e+09
3.655e+09
3.655e+09
3.655e+09
3.655e+09
3.66e+09
3.66e+09
3.66e+09
3.66e+09
3.66e+09
3.66e+09
3.66e+09
3.66e+09
3.66e+09
3.66e+09
3.66e+09
3.66e+09
3.66e+09
3.66e+09
3.66e+09
3.66e+09
3.66e+09
3.665e+09
3.665e+09
3.665e+09
3.665e+09
3.665e+09
3.665e+09
3.665e+09
3.665e+09
3.665e+09
3.665e+09
3.665e+09
3.67e+09
3.67e+09
3.67e+09
3.67e+09
3.67e+09
3.67e+09
3.67e+09
3.67e+09
3.67e+09
3.67e+09
3.67e+09
3.67e+09
3.67e+09
3.67e+09
3.67e+09
3.67e+09
3.67e+09
3.675e+09
3.675e+09
3.675e+09
3.675e+09
3.675e+09
3.675e+09
3.675e+09
3.675e+09
3.675e+09
3.675e+09
3.675e+09
3.68e+09
3.68e+09
3.68e+09
3.68e+09
3.68e+09
3.68e+09
3.68e+09
3.68e+09
3.68e+09
3.68e+09
3.68e+09
3.68e+09
3.68e+09
3.68e+09
3.68e+09
3.68e+09
3.68e+09
3.685e+09
3.685e+09
3.685e+09
3.685e+09
3.685e+09
3.685e+09
3.685e+09
3.685e+09
3.685e+09
3.685e+09
3.685e+09
3.69e+09
3.69e+09
3.69e+09
3.69e+09
3.69e+09
3.69e+09
3.69e+09
3.69e+09
3.69e+09
3.69e+09
3.69e+09
3.69e+09
3.69e+09
3.69e+09
3.69e+09
3.69e+09
3.69e+09
3.695e+09
3.695e+09
3.695e+09
3.695e+09
3.695e+09
3.695e+09
3.695e+09
3.695e+09
3.695e+09
3.695e+09
3.695e+09
3.7e+09
3.7e+09
3.7e+09
3.7e+09
3.7e+09
3.7e+09
3.7e+09
3.7e+09
3.7e+09
3.7e+09
3.7e+09
3.7e+09
3.7e+09
3.7e+09
3.7e+09
3.7e+09
3.7e+09
3.705e+09
3.705e+09
3.705e+09
3.705e+09
3.705e+09
3.705e+09
3.705e+09
3.705e+09
3.705e+09
3.705e+09
3.705e+09
3.71e+09
3.71e+09
3.71e+09
3.71e+09
3.71e+09
3.71e+09
3.71e+09
3.71e+09
3.71e+09
3.71e+09
3.71e+09
3.71e+09
3.71e+09
3.71e+09
3.71e+09
3.71e+09
3.71e+09
3.715e+09
3.715e+09
3.715e+09
3.715e+09
3.715e+09
3.715e+09
3.715e+09
3.715e+09
3.715e+09
3.715e+09
3.715e+09
3.715e+09
3.72e+09
3.72e+09
3.72e+09
3.72e+09
3.72e+09
3.72e+09
3.72e+09
3.72e+09
3.72e+09
3.72e+09
3.72e+09
3.72e+09
3.72e+09
3.72e+09
3.72e+09
3.72e+09
3.725e+09
3.725e+09
3.725e+09
3.725e+09
3.725e+09
3.725e+09
3.725e+09
3.725e+09
3.725e+09
3.725e+09
3.725e+09
3.725e+09
3.725e+09
3.725e+09
3.725e+09
3.725e+09
3.725e+09
3.73e+09
3.73e+09
3.73e+09
3.73e+09
3.73e+09
3.73e+09
3.73e+09
3.73e+09
3.73e+09
3.73e+09
3.73e+09
3.73e+09
3.73e+09
3.73e+09
3.73e+09
3.73e+09
3.73e+09
3.735e+09
3.735e+09
3.735e+09
3.735e+09
3.735e+09
3.735e+09
3.735e+09
3.735e+09
3.735e+09
3.735e+09
3.735e+09
3.74e+09
3.74e+09
3.74e+09
3.74e+09
3.74e+09
3.74e+09
3.74e+09
3.74e+09
3.74e+09
3.74e+09
3.74e+09
3.74e+09
3.74e+09
3.74e+09
3.74e+09
3.74e+09
3.74e+09
3.745e+09
3.745e+09
3.745e+09
3.745e+09
3.745e+09
3.745e+09
3.745e+09
3.745e+09
3.745e+09
3.745e+09
3.745e+09
3.745e+09
3.75e+09
3.75e+09
3.75e+09
3.75e+09
3.75e+09
3.75e+09
3.75e+09
3.75e+09
3.75e+09
3.75e+09
3.75e+09
3.75e+09
3.75e+09
3.75e+09
3.75e+09
3.75e+09
3.755e+09
3.755e+09
3.755e+09
3.755e+09
3.755e+09
3.755e+09
3.755e+09
3.755e+09
3.755e+09
3.755e+09
3.755e+09
3.755e+09
3.76e+09
3.76e+09
3.76e+09
3.76e+09
3.76e+09
3.76e+09
3.76e+09
3.76e+09
3.76e+09
3.76e+09
3.76e+09
3.76e+09
3.76e+09
3.76e+09
3.76e+09
3.76e+09
3.76e+09
3.765e+09
3.765e+09
3.765e+09
3.765e+09
3.765e+09
3.765e+09
3.765e+09
3.765e+09
3.765e+09
3.765e+09
3.765e+09
3.77e+09
3.77e+09
3.77e+09
3.77e+09
3.77e+09
3.77e+09
3.77e+09
3.77e+09
3.77e+09
3.77e+09
3.77e+09
3.77e+09
3.77e+09
3.77e+09
3.77e+09
3.77e+09
3.77e+09
3.775e+09
3.775e+09
3.775e+09
3.775e+09
3.775e+09
3.775e+09
3.775e+09
3.775e+09
3.775e+09
3.775e+09
3.775e+09
3.78e+09
3.78e+09
3.78e+09
3.78e+09
3.78e+09
3.78e+09
3.78e+09
3.78e+09
3.78e+09
3.78e+09
3.78e+09
3.78e+09
3.78e+09
3.78e+09
3.78e+09
3.78e+09
3.78e+09
3.785e+09
3.785e+09
3.785e+09
3.785e+09
3.785e+09
3.785e+09
3.785e+09
3.785e+09
3.785e+09
3.785e+09
3.785e+09
3.79e+09
3.79e+09
3.79e+09
3.79e+09
3.79e+09
3.79e+09
3.79e+09
3.79e+09
3.79e+09
3.79e+09
3.79e+09
3.79e+09
3.79e+09
3.79e+09
3.79e+09
3.79e+09
3.79e+09
3.795e+09
3.795e+09
3.795e+09
3.795e+09
3.795e+09
3.795e+09
3.795e+09
3.795e+09
3.795e+09
3.795e+09
3.795e+09
3.8e+09
3.8e+09
3.8e+09
3.8e+09
3.8e+09
3.8e+09
3.8e+09
3.8e+09
3.8e+09
3.8e+09
3.8e+09
3.8e+09
3.8e+09
3.8e+09
3.8e+09
3.8e+09
3.8e+09
3.805e+09
3.805e+09
3.805e+09
3.805e+09
3.805e+09
3.805e+09
3.805e+09
3.805e+09
3.805e+09
3.805e+09
3.805e+09
3.81e+09
3.81e+09
3.81e+09
3.81e+09
3.81e+09
3.81e+09
3.81e+09
3.81e+09
3.81e+09
3.81e+09
3.81e+09
3.81e+09
3.81e+09
3.81e+09
3.81e+09
