0
0
0
0
0
0
0
5e+06
5e+06
5e+06
5e+06
5e+06
5e+06
5e+06
5e+06
5e+06
5e+06
1e+07
1e+07
1e+07
1e+07
1e+07
1e+07
1e+07
1e+07
1e+07
1.5e+07
1.5e+07
1.5e+07
1.5e+07
1.5e+07
1.5e+07
2e+07
2e+07
2e+07
2.5e+07
2.5e+07
2.5e+07
2.5e+07
2.5e+07
2.5e+07
2.5e+07
2.5e+07
2.5e+07
2.5e+07
3e+07
3e+07
3e+07
3e+07
3e+07
3e+07
3.5e+07
3.5e+07
3.5e+07
3.5e+07
3.5e+07
3.5e+07
3.5e+07
3.5e+07
3.5e+07
4e+07
4e+07
4e+07
4e+07
4e+07
4e+07
4.5e+07
4.5e+07
4.5e+07
4.5e+07
4.5e+07
4.5e+07
4.5e+07
4.5e+07
4.5e+07
4.5e+07
5e+07
5e+07
5e+07
5e+07
5e+07
5e+07
5.5e+07
5.5e+07
5.5e+07
5.5e+07
5.5e+07
5.5e+07
5.5e+07
5.5e+07
5.5e+07
6e+07
6e+07
6e+07
6e+07
6e+07
6e+07
6e+07
6.5e+07
6.5e+07
6.5e+07
6.5e+07
6.5e+07
6.5e+07
6.5e+07
6.5e+07
6.5e+07
7e+07
7e+07
7e+07
7e+07
7e+07
7e+07
7.5e+07
7.5e+07
7.5e+07
7.5e+07
7.5e+07
7.5e+07
7.5e+07
7.5e+07
7.5e+07
8e+07
8e+07
8e+07
8e+07
8e+07
8e+07
8e+07
8.5e+07
8.5e+07
8.5e+07
8.5e+07
8.5e+07
8.5e+07
8.5e+07
8.5e+07
8.5e+07
9e+07
9e+07
9e+07
9e+07
9e+07
9e+07
9.5e+07
9.5e+07
9.5e+07
9.5e+07
9.5e+07
9.5e+07
9.5e+07
9.5e+07
9.5e+07
1e+08
1e+08
1e+08
1e+08
1e+08
1e+08
1e+08
1.05e+08
1.05e+08
1.05e+08
1.05e+08
1.05e+08
1.05e+08
1.05e+08
1.05e+08
1.05e+08
1.1e+08
1.1e+08
1.1e+08
1.1e+08
1.1e+08
1.1e+08
1.15e+08
1.15e+08
1.15e+08
1.15e+08
1.15e+08
1.15e+08
1.15e+08
1.15e+08
1.15e+08
1.15e+08
1.2e+08
1.2e+08
1.2e+08
1.2e+08
1.2e+08
1.2e+08
1.25e+08
1.25e+08
1.25e+08
1.25e+08
1.25e+08
1.25e+08
1.25e+08
1.25e+08
1.25e+08
1.3e+08
1.3e+08
1.3e+08
1.3e+08
1.3e+08
1.3e+08
1.35e+08
1.35e+08
1.35e+08
1.35e+08
1.35e+08
1.35e+08
1.35e+08
1.35e+08
1.35e+08
1.35e+08
1.4e+08
1.4e+08
1.4e+08
1.4e+08
1.4e+08
1.4e+08
1.45e+08
1.45e+08
1.45e+08
1.45e+08
1.45e+08
1.45e+08
1.45e+08
1.45e+08
1.45e+08
1.5e+08
1.5e+08
1.5e+08
1.5e+08
1.5e+08
1.5e+08
1.5e+08
1.55e+08
1.55e+08
1.55e+08
1.55e+08
1.55e+08
1.55e+08
1.55e+08
1.55e+08
1.55e+08
1.6e+08
1.6e+08
1.6e+08
1.6e+08
1.6e+08
1.6e+08
1.65e+08
1.65e+08
1.65e+08
1.65e+08
1.65e+08
1.65e+08
1.65e+08
1.65e+08
1.65e+08
1.7e+08
1.7e+08
1.7e+08
1.7e+08
1.7e+08
1.7e+08
1.75e+08
1.75e+08
1.75e+08
1.75e+08
1.75e+08
1.75e+08
1.75e+08
1.75e+08
1.75e+08
1.75e+08
1.8e+08
1.8e+08
1.8e+08
1.8e+08
1.8e+08
1.8e+08
1.85e+08
1.85e+08
1.85e+08
1.85e+08
1.85e+08
1.85e+08
1.85e+08
1.85e+08
1.85e+08
1.9e+08
1.9e+08
1.9e+08
1.9e+08
1.9e+08
1.9e+08
1.9e+08
1.95e+08
1.95e+08
1.95e+08
1.95e+08
1.95e+08
1.95e+08
1.95e+08
1.95e+08
1.95e+08
2e+08
2e+08
2e+08
2e+08
2e+08
2e+08
2.05e+08
2.05e+08
2.05e+08
2.05e+08
2.05e+08
2.05e+08
2.05e+08
2.05e+08
2.05e+08
2.1e+08
2.1e+08
2.1e+08
2.1e+08
2.1e+08
2.1e+08
2.1e+08
2.15e+08
2.15e+08
2.15e+08
2.15e+08
2.15e+08
2.15e+08
2.15e+08
2.15e+08
2.15e+08
2.2e+08
2.2e+08
2.2e+08
2.2e+08
2.2e+08
2.2e+08
2.25e+08
2.25e+08
2.25e+08
2.25e+08
2.25e+08
2.25e+08
2.25e+08
2.25e+08
2.25e+08
2.25e+08
2.25e+08
2.25e+08
2.25e+08
2.25e+08
2.25e+08
2.25e+08
2.3e+08
2.3e+08
2.3e+08
2.3e+08
2.3e+08
2.3e+08
2.3e+08
2.3e+08
2.3e+08
2.35e+08
2.35e+08
2.35e+08
2.35e+08
2.35e+08
2.35e+08
2.4e+08
2.4e+08
2.4e+08
2.4e+08
2.4e+08
2.4e+08
2.4e+08
2.4e+08
2.4e+08
2.45e+08
2.45e+08
2.45e+08
2.45e+08
2.45e+08
2.45e+08
2.45e+08
2.5e+08
2.5e+08
2.5e+08
2.5e+08
2.5e+08
2.5e+08
2.5e+08
2.5e+08
2.5e+08
2.5e+08
2.5e+08
2.5e+08
2.55e+08
2.55e+08
2.55e+08
2.55e+08
2.55e+08
2.55e+08
2.6e+08
2.6e+08
2.6e+08
2.6e+08
2.6e+08
2.6e+08
2.6e+08
2.6e+08
2.6e+08
2.65e+08
2.65e+08
2.65e+08
2.65e+08
2.65e+08
2.65e+08
2.65e+08
2.7e+08
2.7e+08
2.7e+08
2.7e+08
2.7e+08
2.7e+08
2.7e+08
2.7e+08
2.75e+08
2.75e+08
2.75e+08
2.75e+08
2.75e+08
2.75e+08
2.75e+08
2.8e+08
2.8e+08
2.8e+08
2.8e+08
2.8e+08
2.8e+08
2.8e+08
2.8e+08
2.8e+08
2.85e+08
2.85e+08
2.85e+08
2.85e+08
2.85e+08
2.85e+08
2.9e+08
2.9e+08
2.9e+08
2.9e+08
2.9e+08
2.9e+08
2.9e+08
2.9e+08
2.9e+08
2.95e+08
2.95e+08
2.95e+08
2.95e+08
2.95e+08
2.95e+08
2.95e+08
3e+08
3e+08
3e+08
3e+08
3e+08
3e+08
3e+08
3e+08
3e+08
3.05e+08
3.05e+08
3.05e+08
3.05e+08
3.05e+08
3.05e+08
3.1e+08
3.1e+08
3.1e+08
3.1e+08
3.1e+08
3.1e+08
3.1e+08
3.1e+08
3.1e+08
3.15e+08
3.15e+08
3.15e+08
3.15e+08
3.15e+08
3.15e+08
3.2e+08
3.2e+08
3.2e+08
3.2e+08
3.2e+08
3.2e+08
3.2e+08
3.2e+08
3.2e+08
3.25e+08
3.25e+08
3.25e+08
3.25e+08
3.25e+08
3.25e+08
3.3e+08
3.3e+08
3.3e+08
3.3e+08
3.3e+08
3.3e+08
3.3e+08
3.3e+08
3.3e+08
3.3e+08
3.35e+08
3.35e+08
3.35e+08
3.35e+08
3.35e+08
3.35e+08
3.4e+08
3.4e+08
3.4e+08
3.4e+08
3.4e+08
3.4e+08
3.4e+08
3.4e+08
3.4e+08
3.45e+08
3.45e+08
3.45e+08
3.45e+08
3.45e+08
3.45e+08
3.5e+08
3.5e+08
3.5e+08
3.5e+08
3.5e+08
3.5e+08
3.5e+08
3.5e+08
3.5e+08
3.5e+08
3.55e+08
3.55e+08
3.55e+08
3.55e+08
3.55e+08
3.55e+08
3.6e+08
3.6e+08
3.6e+08
3.6e+08
3.6e+08
3.6e+08
3.6e+08
3.6e+08
3.6e+08
3.65e+08
3.65e+08
3.65e+08
3.65e+08
3.65e+08
3.65e+08
3.7e+08
3.7e+08
3.7e+08
3.7e+08
3.7e+08
3.7e+08
3.7e+08
3.7e+08
3.7e+08
3.7e+08
3.75e+08
3.75e+08
3.75e+08
3.75e+08
3.75e+08
3.75e+08
3.8e+08
3.8e+08
3.8e+08
3.8e+08
3.8e+08
3.8e+08
3.8e+08
3.8e+08
3.8e+08
3.85e+08
3.85e+08
3.85e+08
3.85e+08
3.85e+08
3.85e+08
3.9e+08
3.9e+08
3.9e+08
3.9e+08
3.9e+08
3.9e+08
3.9e+08
3.9e+08
3.9e+08
3.9e+08
3.95e+08
3.95e+08
3.95e+08
3.95e+08
3.95e+08
3.95e+08
4e+08
4e+08
4e+08
4e+08
4e+08
4e+08
4e+08
4e+08
4e+08
4.05e+08
4.05e+08
4.05e+08
4.05e+08
4.05e+08
4.05e+08
4.1e+08
4.1e+08
4.1e+08
4.1e+08
4.1e+08
4.1e+08
4.1e+08
4.1e+08
4.1e+08
4.15e+08
4.15e+08
4.15e+08
4.15e+08
4.15e+08
4.15e+08
4.15e+08
4.2e+08
4.2e+08
4.2e+08
4.2e+08
4.2e+08
4.2e+08
4.2e+08
4.2e+08
4.2e+08
4.25e+08
4.25e+08
4.25e+08
4.25e+08
4.25e+08
4.25e+08
4.3e+08
4.3e+08
4.3e+08
4.3e+08
4.3e+08
4.3e+08
4.3e+08
4.3e+08
4.3e+08
4.35e+08
4.35e+08
4.35e+08
4.35e+08
4.35e+08
4.35e+08
4.35e+08
4.4e+08
4.4e+08
4.4e+08
4.4e+08
4.4e+08
4.4e+08
4.4e+08
4.4e+08
4.4e+08
4.45e+08
4.45e+08
4.45e+08
4.45e+08
4.45e+08
4.45e+08
4.5e+08
4.5e+08
4.5e+08
4.5e+08
4.5e+08
4.5e+08
4.5e+08
4.5e+08
4.5e+08
4.55e+08
4.55e+08
4.55e+08
4.55e+08
4.55e+08
4.55e+08
4.6e+08
4.6e+08
4.6e+08
4.6e+08
4.6e+08
4.6e+08
4.6e+08
4.6e+08
4.6e+08
4.6e+08
4.65e+08
4.65e+08
4.65e+08
4.65e+08
4.65e+08
4.65e+08
4.7e+08
4.7e+08
4.7e+08
4.7e+08
4.7e+08
4.7e+08
4.7e+08
4.7e+08
4.7e+08
4.75e+08
4.75e+08
4.75e+08
4.75e+08
4.75e+08
4.75e+08
4.8e+08
4.8e+08
4.8e+08
4.8e+08
4.8e+08
4.8e+08
4.8e+08
4.8e+08
4.8e+08
4.8e+08
4.85e+08
4.85e+08
4.85e+08
4.85e+08
4.85e+08
4.85e+08
4.9e+08
4.9e+08
4.9e+08
4.9e+08
4.9e+08
4.9e+08
4.9e+08
4.9e+08
4.9e+08
4.95e+08
4.95e+08
4.95e+08
4.95e+08
4.95e+08
4.95e+08
5e+08
5e+08
5e+08
5e+08
5e+08
5e+08
5e+08
5e+08
5e+08
5e+08
5.05e+08
5.05e+08
5.05e+08
5.05e+08
5.05e+08
5.05e+08
5.1e+08
5.1e+08
5.1e+08
5.1e+08
5.1e+08
5.1e+08
5.1e+08
5.1e+08
5.1e+08
5.15e+08
5.15e+08
5.15e+08
5.15e+08
5.15e+08
5.15e+08
5.2e+08
5.2e+08
5.2e+08
5.2e+08
5.2e+08
5.2e+08
5.2e+08
5.2e+08
5.2e+08
5.2e+08
5.25e+08
5.25e+08
5.25e+08
5.25e+08
5.25e+08
5.25e+08
5.3e+08
5.3e+08
5.3e+08
5.3e+08
5.3e+08
5.3e+08
5.3e+08
5.3e+08
5.3e+08
5.35e+08
5.35e+08
5.35e+08
5.35e+08
5.35e+08
5.35e+08
5.4e+08
5.4e+08
5.4e+08
5.4e+08
5.4e+08
5.4e+08
5.4e+08
5.4e+08
5.4e+08
5.45e+08
5.45e+08
5.45e+08
5.45e+08
5.45e+08
5.45e+08
5.45e+08
5.5e+08
5.5e+08
5.5e+08
5.5e+08
5.5e+08
5.5e+08
5.5e+08
5.5e+08
5.5e+08
5.55e+08
5.55e+08
5.55e+08
5.55e+08
5.55e+08
5.55e+08
5.6e+08
5.6e+08
5.6e+08
5.6e+08
5.6e+08
5.6e+08
5.6e+08
5.6e+08
5.6e+08
5.65e+08
5.65e+08
5.65e+08
5.65e+08
5.65e+08
5.65e+08
5.65e+08
5.65e+08
5.65e+08
5.65e+08
5.65e+08
5.65e+08
5.65e+08
5.65e+08
5.65e+08
5.65e+08
5.7e+08
5.7e+08
5.7e+08
5.7e+08
5.7e+08
5.7e+08
5.75e+08
5.75e+08
5.75e+08
5.75e+08
5.75e+08
5.75e+08
5.75e+08
5.75e+08
5.75e+08
5.8e+08
5.8e+08
5.8e+08
5.8e+08
5.8e+08
5.8e+08
5.85e+08
5.85e+08
5.85e+08
5.85e+08
5.85e+08
5.85e+08
5.85e+08
5.85e+08
5.85e+08
5.85e+08
5.9e+08
5.9e+08
5.9e+08
5.9e+08
5.9e+08
5.9e+08
5.95e+08
5.95e+08
5.95e+08
5.95e+08
5.95e+08
5.95e+08
5.95e+08
5.95e+08
5.95e+08
6e+08
6e+08
6e+08
6e+08
6e+08
6e+08
6e+08
6.05e+08
6.05e+08
6.05e+08
6.05e+08
6.05e+08
6.05e+08
6.05e+08
6.05e+08
6.05e+08
6.1e+08
6.1e+08
6.1e+08
6.1e+08
6.1e+08
6.1e+08
6.15e+08
6.15e+08
6.15e+08
6.15e+08
6.15e+08
6.15e+08
6.15e+08
6.15e+08
6.15e+08
6.2e+08
6.2e+08
6.2e+08
6.2e+08
6.2e+08
6.2e+08
6.25e+08
6.25e+08
6.25e+08
6.25e+08
6.25e+08
6.25e+08
6.25e+08
6.25e+08
6.25e+08
6.25e+08
6.3e+08
6.3e+08
6.3e+08
6.3e+08
6.3e+08
6.3e+08
6.35e+08
6.35e+08
6.35e+08
6.35e+08
6.35e+08
6.35e+08
6.35e+08
6.35e+08
6.35e+08
6.35e+08
6.35e+08
6.35e+08
6.35e+08
6.4e+08
6.4e+08
6.4e+08
6.4e+08
6.4e+08
6.4e+08
6.4e+08
6.4e+08
6.4e+08
6.4e+08
6.4e+08
6.4e+08
6.45e+08
6.45e+08
6.45e+08
6.45e+08
6.45e+08
6.45e+08
6.45e+08
6.45e+08
6.45e+08
6.45e+08
6.45e+08
6.45e+08
6.45e+08
6.45e+08
6.45e+08
6.45e+08
6.45e+08
6.45e+08
6.45e+08
6.45e+08
6.45e+08
6.45e+08
6.45e+08
6.45e+08
6.45e+08
6.45e+08
6.45e+08
6.45e+08
6.45e+08
6.45e+08
6.45e+08
6.5e+08
6.5e+08
6.5e+08
6.5e+08
6.5e+08
6.5e+08
6.5e+08
6.5e+08
6.5e+08
6.5e+08
6.5e+08
6.5e+08
6.5e+08
6.5e+08
6.5e+08
6.5e+08
6.5e+08
6.5e+08
6.55e+08
6.55e+08
6.55e+08
6.55e+08
6.55e+08
6.55e+08
6.55e+08
6.55e+08
6.55e+08
6.55e+08
6.55e+08
6.55e+08
6.55e+08
6.55e+08
6.55e+08
6.55e+08
6.55e+08
6.55e+08
6.55e+08
6.55e+08
6.55e+08
6.55e+08
6.55e+08
6.55e+08
6.55e+08
6.55e+08
6.55e+08
6.55e+08
6.55e+08
6.55e+08
6.55e+08
6.6e+08
6.6e+08
6.6e+08
6.6e+08
6.6e+08
6.6e+08
6.6e+08
6.6e+08
6.6e+08
6.6e+08
6.6e+08
6.6e+08
6.65e+08
6.65e+08
6.65e+08
6.65e+08
6.65e+08
6.65e+08
6.65e+08
6.65e+08
6.65e+08
6.65e+08
6.65e+08
6.65e+08
6.65e+08
6.65e+08
6.65e+08
6.65e+08
6.65e+08
6.65e+08
6.65e+08
6.7e+08
6.7e+08
6.7e+08
6.7e+08
6.7e+08
6.7e+08
6.7e+08
6.7e+08
6.7e+08
6.7e+08
6.7e+08
6.7e+08
6.75e+08
6.75e+08
6.75e+08
6.75e+08
6.75e+08
6.75e+08
6.75e+08
6.75e+08
6.75e+08
6.75e+08
6.75e+08
6.75e+08
6.75e+08
6.75e+08
6.75e+08
6.75e+08
6.75e+08
6.75e+08
6.75e+08
6.8e+08
6.8e+08
6.8e+08
6.8e+08
6.8e+08
6.8e+08
6.8e+08
6.8e+08
6.8e+08
6.8e+08
6.8e+08
6.8e+08
6.85e+08
6.85e+08
6.85e+08
6.85e+08
6.85e+08
6.85e+08
6.85e+08
6.85e+08
6.85e+08
6.85e+08
6.85e+08
6.85e+08
6.85e+08
6.85e+08
6.85e+08
6.85e+08
6.85e+08
6.85e+08
6.85e+08
6.9e+08
6.9e+08
6.9e+08
6.9e+08
6.9e+08
6.9e+08
6.9e+08
6.9e+08
6.9e+08
6.9e+08
6.9e+08
6.9e+08
6.95e+08
6.95e+08
6.95e+08
6.95e+08
6.95e+08
6.95e+08
6.95e+08
6.95e+08
6.95e+08
6.95e+08
6.95e+08
6.95e+08
6.95e+08
6.95e+08
6.95e+08
6.95e+08
6.95e+08
6.95e+08
7e+08
7e+08
7e+08
7e+08
7e+08
7e+08
7e+08
7e+08
7e+08
7e+08
7e+08
7e+08
7e+08
7.05e+08
7.05e+08
7.05e+08
7.05e+08
7.05e+08
7.05e+08
7.05e+08
7.05e+08
7.05e+08
7.05e+08
7.05e+08
7.05e+08
7.05e+08
7.05e+08
7.05e+08
7.05e+08
7.05e+08
7.05e+08
7.1e+08
7.1e+08
7.1e+08
7.1e+08
7.1e+08
7.1e+08
7.1e+08
7.1e+08
7.1e+08
7.1e+08
7.1e+08
7.1e+08
7.15e+08
7.15e+08
7.15e+08
7.15e+08
7.15e+08
7.15e+08
7.15e+08
7.15e+08
7.15e+08
7.15e+08
7.15e+08
7.15e+08
7.15e+08
7.15e+08
7.15e+08
7.15e+08
7.15e+08
7.15e+08
7.15e+08
7.15e+08
7.15e+08
7.15e+08
7.15e+08
7.15e+08
7.15e+08
7.15e+08
7.15e+08
7.15e+08
7.15e+08
7.15e+08
7.15e+08
7.2e+08
7.2e+08
7.2e+08
7.2e+08
7.2e+08
7.2e+08
7.2e+08
7.2e+08
7.2e+08
7.2e+08
7.2e+08
7.2e+08
7.2e+08
7.2e+08
7.2e+08
7.2e+08
7.2e+08
7.2e+08
7.25e+08
7.25e+08
7.25e+08
7.25e+08
7.25e+08
7.25e+08
7.3e+08
7.3e+08
7.3e+08
7.3e+08
7.3e+08
7.3e+08
7.3e+08
7.3e+08
7.3e+08
7.3e+08
7.3e+08
7.3e+08
7.3e+08
7.35e+08
7.35e+08
7.35e+08
7.35e+08
7.35e+08
7.35e+08
7.35e+08
7.35e+08
7.35e+08
7.35e+08
7.35e+08
7.35e+08
7.35e+08
7.35e+08
7.35e+08
7.35e+08
7.35e+08
7.35e+08
7.4e+08
7.4e+08
7.4e+08
7.4e+08
7.4e+08
7.4e+08
7.4e+08
7.4e+08
7.4e+08
7.4e+08
7.4e+08
7.4e+08
7.4e+08
7.45e+08
7.45e+08
7.45e+08
7.45e+08
7.45e+08
7.45e+08
7.45e+08
7.45e+08
7.45e+08
7.45e+08
7.45e+08
7.45e+08
7.45e+08
7.45e+08
7.45e+08
7.45e+08
7.45e+08
7.45e+08
7.5e+08
7.5e+08
7.5e+08
7.5e+08
7.5e+08
7.5e+08
7.5e+08
7.5e+08
7.5e+08
7.5e+08
7.5e+08
7.5e+08
7.55e+08
7.55e+08
7.55e+08
7.55e+08
7.55e+08
7.55e+08
7.55e+08
7.55e+08
7.55e+08
7.55e+08
7.55e+08
7.55e+08
7.55e+08
7.55e+08
7.55e+08
7.55e+08
7.55e+08
7.55e+08
7.55e+08
7.6e+08
7.6e+08
7.6e+08
7.6e+08
7.6e+08
7.6e+08
7.6e+08
7.6e+08
7.6e+08
7.6e+08
7.6e+08
7.6e+08
7.65e+08
7.65e+08
7.65e+08
7.65e+08
7.65e+08
7.65e+08
7.65e+08
7.65e+08
7.65e+08
7.65e+08
7.65e+08
7.65e+08
7.65e+08
7.65e+08
7.65e+08
7.65e+08
7.65e+08
7.65e+08
7.65e+08
7.7e+08
7.7e+08
7.7e+08
7.7e+08
7.7e+08
7.7e+08
7.7e+08
7.7e+08
7.7e+08
7.7e+08
7.7e+08
7.7e+08
7.75e+08
7.75e+08
7.75e+08
7.75e+08
7.75e+08
7.75e+08
7.75e+08
7.75e+08
7.75e+08
7.75e+08
7.75e+08
7.75e+08
7.75e+08
7.75e+08
7.75e+08
7.75e+08
7.75e+08
7.75e+08
7.75e+08
7.8e+08
7.8e+08
7.8e+08
7.8e+08
7.8e+08
7.8e+08
7.8e+08
7.8e+08
7.8e+08
7.8e+08
7.8e+08
7.8e+08
7.85e+08
7.85e+08
7.85e+08
7.85e+08
7.85e+08
7.85e+08
7.85e+08
7.85e+08
7.85e+08
7.85e+08
7.85e+08
7.85e+08
7.85e+08
7.85e+08
7.85e+08
7.85e+08
7.85e+08
7.85e+08
7.9e+08
7.9e+08
7.9e+08
7.9e+08
7.9e+08
7.9e+08
7.9e+08
7.9e+08
7.9e+08
7.9e+08
7.9e+08
7.9e+08
7.9e+08
7.95e+08
7.95e+08
7.95e+08
7.95e+08
7.95e+08
7.95e+08
7.95e+08
7.95e+08
7.95e+08
7.95e+08
7.95e+08
7.95e+08
7.95e+08
7.95e+08
7.95e+08
7.95e+08
7.95e+08
7.95e+08
8e+08
8e+08
8e+08
8e+08
8e+08
8e+08
8e+08
8e+08
8e+08
8e+08
8e+08
8e+08
8e+08
8e+08
8e+08
8e+08
8e+08
8e+08
8e+08
8e+08
8e+08
8e+08
8e+08
8e+08
8e+08
8e+08
8e+08
8e+08
8e+08
8e+08
8e+08
8.05e+08
8.05e+08
8.05e+08
8.05e+08
8.05e+08
8.05e+08
8.05e+08
8.05e+08
8.05e+08
8.05e+08
8.05e+08
8.05e+08
8.1e+08
8.1e+08
8.1e+08
8.1e+08
8.1e+08
8.1e+08
8.1e+08
8.1e+08
8.1e+08
8.1e+08
8.1e+08
8.1e+08
8.1e+08
8.1e+08
8.1e+08
8.1e+08
8.1e+08
8.1e+08
8.1e+08
8.15e+08
8.15e+08
8.15e+08
8.15e+08
8.15e+08
8.15e+08
8.15e+08
8.15e+08
8.15e+08
8.15e+08
8.15e+08
8.15e+08
8.2e+08
8.2e+08
8.2e+08
8.2e+08
8.2e+08
8.2e+08
8.2e+08
8.2e+08
8.2e+08
8.2e+08
8.2e+08
8.2e+08
8.2e+08
8.2e+08
8.2e+08
8.2e+08
8.2e+08
8.2e+08
8.2e+08
8.25e+08
8.25e+08
8.25e+08
8.25e+08
8.25e+08
8.25e+08
8.25e+08
8.25e+08
8.25e+08
8.25e+08
8.25e+08
8.25e+08
8.3e+08
8.3e+08
8.3e+08
8.3e+08
8.3e+08
8.3e+08
8.3e+08
8.3e+08
8.3e+08
8.3e+08
8.3e+08
8.3e+08
8.3e+08
8.3e+08
8.3e+08
8.3e+08
8.3e+08
8.3e+08
8.3e+08
8.3e+08
8.3e+08
8.3e+08
8.3e+08
8.3e+08
8.3e+08
8.3e+08
8.3e+08
8.3e+08
8.3e+08
8.3e+08
8.3e+08
8.35e+08
8.35e+08
8.35e+08
8.35e+08
8.35e+08
8.35e+08
8.35e+08
8.35e+08
8.35e+08
8.35e+08
8.35e+08
8.35e+08
8.35e+08
8.35e+08
8.35e+08
8.35e+08
8.35e+08
8.35e+08
8.4e+08
8.4e+08
8.4e+08
8.4e+08
8.4e+08
8.4e+08
8.4e+08
8.4e+08
8.4e+08
8.4e+08
8.4e+08
8.4e+08
8.4e+08
8.45e+08
8.45e+08
8.45e+08
8.45e+08
8.45e+08
8.45e+08
8.45e+08
8.45e+08
8.45e+08
8.45e+08
8.45e+08
8.45e+08
8.45e+08
8.45e+08
8.45e+08
8.45e+08
8.45e+08
8.45e+08
8.5e+08
8.5e+08
8.5e+08
8.5e+08
8.5e+08
8.5e+08
8.5e+08
8.5e+08
8.5e+08
8.5e+08
8.5e+08
8.5e+08
8.5e+08
8.55e+08
8.55e+08
8.55e+08
8.55e+08
8.55e+08
8.55e+08
8.55e+08
8.55e+08
8.55e+08
8.55e+08
8.55e+08
8.55e+08
8.55e+08
8.55e+08
8.55e+08
8.55e+08
8.55e+08
8.55e+08
8.6e+08
8.6e+08
8.6e+08
8.6e+08
8.6e+08
8.6e+08
8.6e+08
8.6e+08
8.6e+08
8.6e+08
8.6e+08
8.6e+08
8.65e+08
8.65e+08
8.65e+08
8.65e+08
8.65e+08
8.65e+08
8.65e+08
8.65e+08
8.65e+08
8.65e+08
8.65e+08
8.65e+08
8.65e+08
8.65e+08
8.65e+08
8.65e+08
8.65e+08
8.65e+08
8.65e+08
8.7e+08
8.7e+08
8.7e+08
8.7e+08
8.7e+08
8.7e+08
8.7e+08
8.7e+08
8.7e+08
8.7e+08
8.7e+08
8.7e+08
8.75e+08
8.75e+08
8.75e+08
8.75e+08
8.75e+08
8.75e+08
8.75e+08
8.75e+08
8.75e+08
8.75e+08
8.75e+08
8.75e+08
8.75e+08
8.75e+08
8.75e+08
8.75e+08
8.75e+08
8.75e+08
8.8e+08
8.8e+08
8.8e+08
8.8e+08
8.8e+08
8.8e+08
8.8e+08
8.8e+08
8.8e+08
8.8e+08
8.8e+08
8.8e+08
8.8e+08
8.85e+08
8.85e+08
8.85e+08
8.85e+08
8.85e+08
8.85e+08
8.85e+08
8.85e+08
8.85e+08
8.85e+08
8.85e+08
8.85e+08
8.85e+08
8.85e+08
8.85e+08
8.85e+08
8.85e+08
8.85e+08
8.9e+08
8.9e+08
8.9e+08
8.9e+08
8.9e+08
8.9e+08
8.9e+08
8.9e+08
8.9e+08
8.9e+08
8.9e+08
8.9e+08
8.95e+08
8.95e+08
8.95e+08
8.95e+08
8.95e+08
8.95e+08
8.95e+08
8.95e+08
8.95e+08
8.95e+08
8.95e+08
8.95e+08
8.95e+08
8.95e+08
8.95e+08
8.95e+08
8.95e+08
8.95e+08
8.95e+08
9e+08
9e+08
9e+08
9e+08
9e+08
9e+08
9e+08
9e+08
9e+08
9e+08
9e+08
9e+08
9.05e+08
9.05e+08
9.05e+08
9.05e+08
9.05e+08
9.05e+08
9.05e+08
9.05e+08
9.05e+08
9.05e+08
9.05e+08
9.05e+08
9.05e+08
9.05e+08
9.05e+08
9.05e+08
9.05e+08
9.05e+08
9.05e+08
9.1e+08
9.1e+08
9.1e+08
9.1e+08
9.1e+08
9.1e+08
9.1e+08
9.1e+08
9.1e+08
9.1e+08
9.1e+08
9.1e+08
9.15e+08
9.15e+08
9.15e+08
9.15e+08
9.15e+08
9.15e+08
9.15e+08
9.15e+08
9.15e+08
9.15e+08
9.15e+08
9.15e+08
9.15e+08
9.15e+08
9.15e+08
9.15e+08
9.15e+08
9.15e+08
9.15e+08
9.15e+08
9.15e+08
9.15e+08
9.15e+08
9.15e+08
9.15e+08
9.15e+08
9.15e+08
9.15e+08
9.15e+08
9.15e+08
9.15e+08
9.2e+08
9.2e+08
9.2e+08
9.2e+08
9.2e+08
9.2e+08
9.2e+08
9.2e+08
9.2e+08
9.2e+08
9.2e+08
9.2e+08
9.2e+08
9.2e+08
9.2e+08
9.2e+08
9.2e+08
9.2e+08
9.25e+08
9.25e+08
9.25e+08
9.25e+08
9.25e+08
9.25e+08
9.25e+08
9.25e+08
9.25e+08
9.25e+08
9.25e+08
9.25e+08
9.25e+08
9.3e+08
9.3e+08
9.3e+08
9.3e+08
9.3e+08
9.3e+08
9.3e+08
9.3e+08
9.3e+08
9.3e+08
9.3e+08
9.3e+08
9.3e+08
9.3e+08
9.3e+08
9.3e+08
9.3e+08
9.3e+08
9.35e+08
9.35e+08
9.35e+08
9.35e+08
9.35e+08
9.35e+08
9.35e+08
9.35e+08
9.35e+08
9.35e+08
9.35e+08
9.35e+08
9.35e+08
9.4e+08
9.4e+08
9.4e+08
9.4e+08
9.4e+08
9.4e+08
9.4e+08
9.4e+08
9.4e+08
9.4e+08
9.4e+08
9.4e+08
9.4e+08
9.4e+08
9.4e+08
9.4e+08
9.4e+08
9.4e+08
9.45e+08
9.45e+08
9.45e+08
9.45e+08
9.45e+08
9.45e+08
9.45e+08
9.45e+08
9.45e+08
9.45e+08
9.45e+08
9.45e+08
9.5e+08
9.5e+08
9.5e+08
9.5e+08
9.5e+08
9.5e+08
9.5e+08
9.5e+08
9.5e+08
9.5e+08
9.5e+08
9.5e+08
9.5e+08
9.5e+08
9.5e+08
9.5e+08
9.5e+08
9.5e+08
9.5e+08
9.55e+08
9.55e+08
9.55e+08
9.55e+08
9.55e+08
9.55e+08
9.55e+08
9.55e+08
9.55e+08
9.55e+08
9.55e+08
9.55e+08
9.6e+08
9.6e+08
9.6e+08
9.6e+08
9.6e+08
9.6e+08
9.6e+08
9.6e+08
9.6e+08
9.6e+08
9.6e+08
9.6e+08
9.6e+08
9.6e+08
9.6e+08
9.6e+08
9.6e+08
9.6e+08
9.6e+08
9.65e+08
9.65e+08
9.65e+08
9.65e+08
9.65e+08
9.65e+08
9.65e+08
9.65e+08
9.65e+08
9.65e+08
9.65e+08
9.65e+08
9.7e+08
9.7e+08
9.7e+08
9.7e+08
9.7e+08
9.7e+08
9.7e+08
9.7e+08
9.7e+08
9.7e+08
9.7e+08
9.7e+08
9.7e+08
9.7e+08
9.7e+08
9.7e+08
9.7e+08
9.7e+08
9.7e+08
9.75e+08
9.75e+08
9.75e+08
9.75e+08
9.75e+08
9.75e+08
9.75e+08
9.75e+08
9.75e+08
9.75e+08
9.75e+08
9.75e+08
9.75e+08
9.75e+08
9.75e+08
9.75e+08
9.75e+08
9.75e+08
9.8e+08
9.8e+08
9.8e+08
9.8e+08
9.8e+08
9.8e+08
9.8e+08
9.8e+08
9.8e+08
9.8e+08
9.8e+08
9.8e+08
9.8e+08
9.8e+08
9.8e+08
9.8e+08
9.8e+08
9.8e+08
9.8e+08
9.85e+08
9.85e+08
9.85e+08
9.85e+08
9.85e+08
9.85e+08
9.85e+08
9.85e+08
9.85e+08
9.85e+08
9.85e+08
9.85e+08
9.9e+08
9.9e+08
9.9e+08
9.9e+08
9.9e+08
9.9e+08
9.9e+08
9.9e+08
9.9e+08
9.9e+08
9.9e+08
9.9e+08
9.9e+08
9.9e+08
9.9e+08
9.9e+08
9.9e+08
9.9e+08
9.95e+08
9.95e+08
9.95e+08
9.95e+08
9.95e+08
9.95e+08
9.95e+08
9.95e+08
9.95e+08
9.95e+08
9.95e+08
9.95e+08
9.95e+08
1e+09
1e+09
1e+09
1e+09
1e+09
1e+09
1e+09
1e+09
1e+09
1e+09
1e+09
1e+09
1e+09
1e+09
1e+09
1e+09
1e+09
1e+09
1.005e+09
1.005e+09
1.005e+09
1.005e+09
1.005e+09
1.005e+09
1.005e+09
1.005e+09
1.005e+09
1.005e+09
1.005e+09
1.005e+09
1.005e+09
1.01e+09
1.01e+09
1.01e+09
1.01e+09
1.01e+09
1.01e+09
1.01e+09
1.01e+09
1.01e+09
1.01e+09
1.01e+09
1.01e+09
1.01e+09
1.01e+09
1.01e+09
1.01e+09
1.01e+09
1.01e+09
1.015e+09
1.015e+09
1.015e+09
1.015e+09
1.015e+09
1.015e+09
1.015e+09
1.015e+09
1.015e+09
1.015e+09
1.015e+09
1.015e+09
1.02e+09
1.02e+09
1.02e+09
1.02e+09
1.02e+09
1.02e+09
1.02e+09
1.02e+09
1.02e+09
1.02e+09
1.02e+09
1.02e+09
1.02e+09
1.02e+09
1.02e+09
1.02e+09
1.02e+09
1.02e+09
1.02e+09
1.025e+09
1.025e+09
1.025e+09
1.025e+09
1.025e+09
1.025e+09
1.025e+09
1.025e+09
1.025e+09
1.025e+09
1.025e+09
1.03e+09
1.03e+09
1.03e+09
1.03e+09
1.03e+09
1.03e+09
1.03e+09
1.03e+09
1.03e+09
1.03e+09
1.03e+09
1.03e+09
1.03e+09
1.03e+09
1.03e+09
1.03e+09
1.03e+09
1.03e+09
1.03e+09
1.035e+09
1.035e+09
1.035e+09
1.035e+09
1.035e+09
1.035e+09
1.035e+09
1.035e+09
1.035e+09
1.035e+09
1.035e+09
1.035e+09
1.04e+09
1.04e+09
1.04e+09
1.04e+09
1.04e+09
1.04e+09
1.04e+09
1.04e+09
1.04e+09
1.04e+09
1.04e+09
1.04e+09
1.04e+09
1.04e+09
1.04e+09
1.04e+09
1.04e+09
1.04e+09
1.04e+09
1.045e+09
1.045e+09
1.045e+09
1.045e+09
1.045e+09
1.045e+09
1.045e+09
1.045e+09
1.045e+09
1.045e+09
1.045e+09
1.045e+09
1.05e+09
1.05e+09
1.05e+09
1.05e+09
1.05e+09
1.05e+09
1.05e+09
1.05e+09
1.05e+09
1.05e+09
1.05e+09
1.05e+09
1.05e+09
1.05e+09
1.05e+09
1.05e+09
1.05e+09
1.05e+09
1.055e+09
1.055e+09
1.055e+09
1.055e+09
1.055e+09
1.055e+09
1.055e+09
1.055e+09
1.055e+09
1.055e+09
1.055e+09
1.055e+09
1.055e+09
1.06e+09
1.06e+09
1.06e+09
1.06e+09
1.06e+09
1.06e+09
1.06e+09
1.06e+09
1.06e+09
1.06e+09
1.06e+09
1.06e+09
1.06e+09
1.06e+09
1.06e+09
1.06e+09
1.06e+09
1.06e+09
1.065e+09
1.065e+09
1.065e+09
1.065e+09
1.065e+09
1.065e+09
1.065e+09
